EYESAT-1 (AO-27)        
1 22825U 93061C   15226.43430696  .00000015  00000-0  23007-4 0  9991
2 22825  98.7129 176.5734 0009182 132.6678 339.2995 14.29896860141260
CUTE-1 (CO-55)          
1 27844U 03031E   15226.75297416  .00000110  00000-0  69626-4 0  9994
2 27844  98.6960 234.4462 0010651 127.3270 337.6691 14.21833643628764
CUBESAT XI-IV (CO-57)   
1 27848U 03031J   15226.00313005  .00000087  00000-0  59634-4 0  9990
2 27848  98.7057 233.6443 0010410 136.2811 278.1422 14.21476194628562
CUBESAT XI-V (CO-58)    
1 28895U 05043F   15226.74423944  .00000349  00000-0  76888-4 0  9994
2 28895  97.8219  51.4604 0018422 110.0812 250.2376 14.62864878522154
NTS (CANX-6)            
1 32784U 08021B   15226.43777295  .00000503  00000-0  63818-4 0  9993
2 32784  97.6437 265.1045 0013324 233.8874 126.1109 14.85725941394702
CUTE-1.7+APD II (CO-65) 
1 32785U 08021C   15226.53793005  .00000622  00000-0  75181-4 0  9990
2 32785  97.6444 267.9401 0012209 229.5616 269.2474 14.87005287394906
COMPASS-1               
1 32787U 08021E   15226.80051976  .00001236  00000-0  13048-3 0  9991
2 32787  97.6467 272.6645 0012244 212.4632 147.5835 14.90960414395247
AAUSAT-II               
1 32788U 08021F   15226.82012257  .00001424  00000-0  14567-3 0  9999
2 32788  97.6476 274.2974 0011778 208.4174 151.6404 14.92027450395343
DELFI-C3 (DO-64)        
1 32789U 08021G   15226.81365480  .00002501  00000-0  20289-3 0  9993
2 32789  97.6753 286.1240 0012322 205.1773 218.9187 15.00513730395879
CANX-2                  
1 32790U 08021H   15226.11578257  .00000526  00000-0  64791-4 0  9998
2 32790  97.6400 266.4554 0012842 232.5289 127.4760 14.86813415394799
SEEDS II (CO-66)        
1 32791U 08021J   15226.08970571  .00000869  00000-0  98037-4 0  9990
2 32791  97.6464 269.6462 0012821 222.9690 137.0527 14.88958521394933
SWISSCUBE               
1 35932U 09051B   15226.12465884  .00000312  00000-0  82554-4 0  9995
2 35932  98.4147 345.2535 0008388 153.4198 206.7430 14.55486336312397
BEESAT                  
1 35933U 09051C   15226.31479654  .00000282  00000-0  75238-4 0  9994
2 35933  98.4161 346.3876 0006281 163.0359 197.1049 14.55667160312519
ITUPSAT 1               
1 35935U 09051E   15226.00689124  .00000259  00000-0  71063-4 0  9993
2 35935  98.4266 346.3212 0008758 157.8463 202.3113 14.54900764312339
TISAT 1                 
1 36799U 10035E   15226.83492382  .00001078  00000-0  12138-3 0  9992
2 36799  98.0188 327.9084 0013243  21.4320  95.2263 14.88737673275687
M-CUBED & EXP-1 PRIME   
1 37855U 11061F   15226.51801468  .00001906  00000-0  11936-3 0  9995
2 37855 101.7051 108.5242 0194594 262.8156  95.0893 14.97648176205889
AAUSAT3                 
1 39087U 13009B   15226.74843665  .00000311  00000-0  12416-3 0  9991
2 39087  98.6021  64.9685 0013374 130.8795 229.3548 14.35160434129055
STRAND-1                
1 39090U 13009E   15226.11598243  .00000057  00000-0  35657-4 0  9995
2 39090  98.6056  64.8150 0010090 129.4646 230.7433 14.34812922128956
BRITE-AUSTRIA           
1 39091U 13009F   15226.16590583  .00000058  00000-0  36119-4 0  9995
2 39091  98.6006  64.5084 0011283 137.8673 222.3381 14.34904891128971
UNIBRITE                
1 39092U 13009G   15226.52420548  .00000020  00000-0  22666-4 0  9990
2 39092  98.6006  64.6585 0010249 129.8925 230.3163 14.34776057129015
AIST-2                  
1 39133U 13015D   15226.78636326  .00000832  00000-0  73628-4 0  9999
2 39133  64.8751 249.0694 0029264 230.3472 129.5065 15.03156207127198
SOMP                    
1 39134U 13015E   15226.46712885  .00002786  00000-0  16739-3 0  9999
2 39134  64.8705 230.9629 0028288 244.8546 114.9643 15.12769430127516
BEESAT-2                
1 39136U 13015G   15226.85216552  .00002286  00000-0  14599-3 0  9991
2 39136  64.8710 232.6226 0028618 243.3585 116.4606 15.11042444127525
NEE-01 PEGASUS          
1 39151U 13018B   15226.75128213  .00000471  00000-0  70736-4 0  9996
2 39151  98.0155 310.7093 0018680  66.9136 293.4042 14.78996098124121
CUBEBUG-1 (CAPITAN BETO)
1 39153U 13018D   15226.79664716  .00000544  00000-0  79957-4 0  9990
2 39153  98.0161 310.9927 0018537  66.2531 294.0622 14.79348132124145
ESTCUBE 1               
1 39161U 13021C   15226.75925305  .00000626  00000-0  10937-3 0  9996
2 39161  98.0704 309.1732 0010738 123.7691 236.4532 14.71259819121852
POPACS 1                
1 39268U 13055D   15226.74321660  .00005936  00000-0  18189-3 0  9990
2 39268  81.0105 344.8118 0695529  18.0325 344.4234 14.20282410 96338
POPACS 2                
1 39269U 13055E   15225.64631799  .00004855  00000-0  14831-3 0  9995
2 39269  81.0237 349.9406 0730700  32.8239 331.6194 14.12874718 95926
POPACS 3                
1 39270U 13055F   15226.80223715  .00004446  00000-0  14612-3 0  9994
2 39270  81.0118 350.7506 0744175  36.6784 328.3010 14.08418157 95943
PHONESAT 2.4            
1 39381U 13064B   15226.69104509  .00013692  00000-0  28196-3 0  9998
2 39381  40.4984 109.7116 0012162 328.4868  31.5220 15.45522072 97014
ORSES                   
1 39386U 13064G   15226.00461418  .00044002  00000-0  54843-3 0  9990
2 39386  40.4944  90.5843 0015399 325.1207  34.8605 15.58927309 96855
PROMETHEUS 1-4          
1 39390U 13064L   15225.91922047  .00047263  00000-0  51299-3 0  9998
2 39390  40.4928  86.2373 0016151 328.0359  31.9483 15.62477103 96375
PROMETHEUS 1-2          
1 39391U 13064M   15226.85814861  .00045384  00000-0  48460-3 0  9995
2 39391  40.4934  80.1455 0016082 334.3111  25.6913 15.62909352 95289
PROMETHEUS 1-5          
1 39393U 13064P   15226.64733537  .00046506  00000-0  46359-3 0  9996
2 39393  40.5122  79.4506 0015758 336.8492  23.1621 15.64647563 96484
PROMETHEUS 1-6          
1 39394U 13064Q   15226.51506112  .00042968  00000-0  45726-3 0  9995
2 39394  40.5101  82.8668 0015714 334.8490  25.1567 15.63020808 96406
FIREFLY                 
1 39404U 13064AA  15226.09410122  .00011130  00000-0  25352-3 0  9995
2 39404  40.5125 119.4284 0010057 308.4635  51.5279 15.42695713 96298
VERMONT LUNAR           
1 39407U 13064AD  15225.81188091  .00061641  00000-0  58789-3 0  9996
2 39407  40.5146  83.8184 0016597 326.9552  33.0234 15.65645371 94996
PROMETHEUS 1-3          
1 39408U 13064AE  15226.68505583  .00043400  00000-0  45861-3 0  9992
2 39408  40.4938  80.6058 0015938 334.0427  25.9596 15.63192069 97217
ZACUBE-1 (TSHEPISOSAT)  
1 39417U 13066B   15226.14689702  .00000491  00000-0  70295-4 0  9994
2 39417  97.7257 286.4781 0059074 308.6298  50.9634 14.79839799 93207
WNISAT-1                
1 39423U 13066H   15226.73752649  .00000399  00000-0  89080-4 0  9996
2 39423  97.6991 260.4079 0177282  21.0126 339.8226 14.52470197 91600
CINEMA-2 (KHUSAT-2)     
1 39424U 13066J   15226.68538437  .00000348  00000-0  60266-4 0  9997
2 39424  97.7155 278.9154 0093056 327.3850  32.1630 14.71546658 92772
CINEMA-3 (KHUSAT-2)     
1 39426U 13066L   15226.07872773  .00000270  00000-0  50982-4 0  9994
2 39426  97.7113 275.5450 0105077 336.9405  22.7102 14.68655559 92517
TRITON-1                
1 39427U 13066M   15226.74350844  .00000449  00000-0  81358-4 0  9998
2 39427  97.7103 274.0354 0115007 340.9009  18.7901 14.66752358 92440
GOMX 1                  
1 39430U 13066Q   15226.81498384  .00000698  00000-0  13790-3 0  9992
2 39430  97.7044 265.6846 0153340   5.5565 354.7270 14.58165894 91921
BRITE-PL                
1 39431U 13066R   15226.09250403  .00000220  00000-0  56957-4 0  9995
2 39431  97.6962 254.2436 0204302  40.2976 321.3158 14.46536481 91135
HUMSAT-D                
1 39433U 13066T   15226.83496557  .00001005  00000-0  10996-3 0  9995
2 39433  97.7367 295.9881 0030823 288.3083  71.4782 14.89689481 93844
EAGLE 2                 
1 39436U 13066W   15226.46051951  .00008945  00000-0  57190-3 0  9999
2 39436  97.7429 303.0369 0019818 262.7028  97.1947 15.08695722 94277
VELOX-PII               
1 39438U 13066Y   15226.80195884  .00000407  00000-0  62928-4 0  9994
2 39438  97.7219 284.2504 0070772 313.3867  46.1463 14.76821414 93119
CUBEBUG-2 (LO-74)       
1 39440U 13066AA  15226.35491345  .00000462  00000-0  73316-4 0  9992
2 39440  97.7198 281.5202 0080869 320.6715  38.8638 14.74649666 92907
NEE-02 KRYSAOR          
1 39441U 13066AB  15226.83431427  .00000310  00000-0  52332-4 0  9998
2 39441  97.7183 281.6012 0081967 320.1578  39.3631 14.74025325 92914
FUNCUBE-1 (AO-73)       
1 39444U 13066AE  15226.69817366  .00000630  00000-0  87106-4 0  9997
2 39444  97.7262 287.3004 0058358 305.7685  53.8109 14.80393389 92078
UWE-3                   
1 39446U 13066AG  15226.72863434  .00000485  00000-0  73142-4 0  9993
2 39446  97.7220 284.3433 0070351 313.0539  46.4794 14.77152856 91899
BRITE-TORONTO           
1 40020U 14033L   15226.64720223  .00000189  00000-0  41660-4 0  9998
2 40020  97.9264 112.8937 0086978 304.0990  55.1982 14.66040137 61536
DUCHIFAT-1              
1 40021U 14033M   15226.67204202  .00001192  00000-0  13510-3 0  9993
2 40021  97.9479 127.4404 0013643 359.8362   0.2848 14.88245522 62505
NANOSATC-BR1            
1 40024U 14033Q   15226.67910446  .00000998  00000-0  11531-3 0  9994
2 40024  97.9461 127.1836 0012798 359.3340   0.7856 14.87801736 62492
QB50P1                  
1 40025U 14033R   15226.68269485  .00000755  00000-0  89876-4 0  9995
2 40025  97.9460 127.0177 0012914 359.8429   0.2780 14.87294566 62489
FLOCK 1C-7              
1 40026U 14033S   15226.69877323  .00001036  00000-0  12000-3 0  9990
2 40026  97.9526 127.4685 0012123 359.5239   0.5983 14.87618853 62509
FLOCK 1C-1              
1 40027U 14033T   15226.71889774  .00001256  00000-0  14439-3 0  9999
2 40027  97.9521 127.4397 0013472 358.0634   2.0488 14.87543342 62503
POPSAT-HIP-1            
1 40028U 14033U   15226.72617060  .00001184  00000-0  13778-3 0  9993
2 40028  97.9495 127.1507 0014369 356.3985   3.7118 14.87165908 62483
FLOCK 1C-2              
1 40029U 14033V   15226.66918577  .00000855  00000-0  10039-3 0  9995
2 40029  97.9518 127.3291 0014414 354.3701   5.7331 14.87495133 62482
FLOCK 1C-4              
1 40031U 14033X   15226.66201696  .00000736  00000-0  87257-4 0  9990
2 40031  97.9519 127.3490 0014870 352.7857   7.3118 14.87513526 62474
QB50P2                  
1 40032U 14033Y   15226.73438950  .00000774  00000-0  92900-4 0  9997
2 40032  97.9454 126.7784 0012107 353.4255   6.6799 14.86846037 62486
FLOCK 1C-11             
1 40033U 14033Z   15226.71855243  .00002039  00000-0  22831-3 0  9995
2 40033  97.9519 127.4729 0012913 350.5567   9.5393 14.87956796 62505
ANTELSAT                
1 40034U 14033AA  15226.67375908  .00000773  00000-0  12564-3 0  9991
2 40034  97.9354 117.4137 0059114 293.3052  66.1957 14.72840923 61908
FLOCK 1C-9              
1 40035U 14033AB  15226.67916288  .00000612  00000-0  73499-4 0  9991
2 40035  97.9538 127.4350 0012068 348.1924  11.9018 14.87563273 62481
FLOCK 1C-6              
1 40036U 14033AC  15226.68102074  .00000609  00000-0  73139-4 0  9990
2 40036  97.9545 127.4695 0012306 348.4781  11.6168 14.87641903 62492
PERSEUS-M2              
1 40037U 14033AD  15226.72076091  .00000567  00000-0  71650-4 0  9994
2 40037  97.9497 126.5908 0014768 351.5816   8.5147 14.85695984 62447
FLOCK 1C-5              
1 40038U 14033AE  15226.69438735  .00000704  00000-0  83436-4 0  9996
2 40038  97.9531 127.3982 0014967 347.6947  12.3967 14.87681265 62486
PERSEUS-M1              
1 40039U 14033AF  15226.68695140  .00000394  00000-0  52213-4 0  9995
2 40039  97.9519 126.4079 0014504 346.3139  13.7708 14.85328947 62432
FLOCK 1C-8              
1 40040U 14033AG  15226.88994069  .00001882  00000-0  20800-3 0  9990
2 40040  97.9537 127.8237 0013776 341.0019  19.0682 14.88566082 62521
FLOCK 1C-3              
1 40041U 14033AH  15226.72037520  .00000775  00000-0  91727-4 0  9991
2 40041  97.9555 127.4233 0013421 344.9174  15.1640 14.87434450 62483
POLYITAN-1              
1 40042U 14033AJ  15226.71857910  .00000942  00000-0  11215-3 0  9993
2 40042  97.9534 126.9027 0015006 344.8804  15.1961 14.86669204 62455
TIGRISAT                
1 40043U 14033AK  15226.66784596  .00000388  00000-0  66289-4 0  9993
2 40043  97.9349 117.8032 0059633 295.8846  63.6222 14.73358165 61780
LEMUR-1                 
1 40044U 14033AL  15226.70324407  .00000336  00000-0  58747-4 0  9993
2 40044  97.9351 117.7715 0058769 296.2671  63.2505 14.73182807 61789
AEROCUBE 6A             
1 40045U 14033AM  15226.69773104  .00000805  00000-0  12851-3 0  9990
2 40045  97.9393 117.7481 0058205 292.9252  66.5819 14.73569018 61630
AEROCUBE 6B             
1 40046U 14033AN  15226.69778939  .00000802  00000-0  12801-3 0  9994
2 40046  97.9388 117.7280 0057873 292.7403  66.7695 14.73567954 61774
UKUBE-1                 
1 40074U 14037F   15226.75773218  .00001128  00000-0  14821-3 0  9997
2 40074  98.3566 301.5454 0005871  64.2729 295.9082 14.82347983 59511
BRITE-PL 2              
1 40119U 14049B   15226.18976999  .00000419  00000-0  57374-4 0  9991
2 40119  97.9877 302.9814 0019064 121.1217 239.1870 14.83546725 53357
FIREBIRD 4              
1 40378U 15003C   15226.83407148  .00004860  00000-0  23972-3 0  9996
2 40378  99.1137 271.1805 0157068  61.7013 299.9956 15.08327155 29392
GRIFEX                  
1 40379U 15003D   15226.83435603  .00003970  00000-0  20081-3 0  9993
2 40379  99.1150 271.0276 0158502  63.2014 298.5322 15.07488756 29386
EXOCUBE                 
1 40380U 15003E   15226.83264279  .00003191  00000-0  16521-3 0  9993
2 40380  99.1179 270.9220 0160289  62.9665 298.7816 15.06725619 29379
FLOCK 1B-27             
1 40422U 98067FN  15226.80296868  .00075744  00000-0  38445-3 0  9999
2 40422  51.6384 135.3670 0003679 311.9195  88.9102 15.80797894 35330
FLOCK 1B-28             
1 40423U 98067FP  15219.24788283  .05567779  12028-4  14293-2 0  9997
2 40423  51.6133 170.3484 0007348 241.2767 118.7501 16.27910103 34192
FLOCK 1B-21             
1 40427U 98067FQ  15226.80751941  .00082185  00000-0  41343-3 0  9990
2 40427  51.6339 135.2693 0001824 339.6158 125.3382 15.80966216 35360
FLOCK 1B-22             
1 40428U 98067FR  15225.88286220  .00206903  00000-0  10566-2 0  9999
2 40428  51.6385 141.0902 0002523 332.7270 141.8235 15.80209471 35202
FLOCK 1B-10             
1 40429U 98067FS  15226.85344487  .00721678  23849-3  16173-2 0  9998
2 40429  51.6298 133.2348 0001792 126.7032 346.0981 15.97173178 35363
FLOCK 1D-1              
1 40451U 98067FU  15226.77112012  .00109891  00000-0  53102-3 0  9993
2 40451  51.6340 135.9238 0003046 351.9558  42.2505 15.81717443 35338
FLOCK 1D-2              
1 40452U 98067FV  15226.81072454  .00048292  00000-0  39546-3 0  9997
2 40452  51.6412 142.2745 0005192 357.8417  41.6903 15.70003681 35252
FLOCK 1B-5              
1 40453U 98067FW  15226.85436626  .01887869  32431-2  15989-2 0  9998
2 40453  51.6321 133.4820 0010314 243.3651 116.6164 16.13574925 35365
FLOCK 1B-6              
1 40454U 98067FX  15226.83139020  .00107033  00000-0  62576-3 0  9992
2 40454  51.6381 136.9464 0004121 334.5835 133.3687 15.77530594 35314
GEARRS-1                
1 40456U 98067FZ  15226.80794059  .00064307  00000-0  39575-3 0  9999
2 40456  51.6404 138.5986 0003379 310.3278  49.7427 15.76580898 35308
MICROMAS                
1 40457U 98067GA  15213.38588329  .08885032  12472-4  72013-3 0  9998
2 40457  51.6142 195.6182 0009646 310.7124  49.3640 16.38908268 33335
FLOCK 1B-11             
1 40459U 98067GC  15226.74994962  .00298063  00000-0  13014-2 0  9997
2 40459  51.6328 136.4014 0001552  16.9277  78.8590 15.83336536 35337
FLOCK 1B-12             
1 40460U 98067GD  15226.78018854  .00089340  00000-0  52875-3 0  9995
2 40460  51.6398 138.8891 0003409 339.9969 123.5061 15.77332905 35301
DEORBITSAIL             
1 40719U 15032E   15226.87585643  .00001078  00000-0  16907-3 0  9996
2 40719  98.0494 115.7890 0017719 138.2535 222.0034 14.74620245  5182
FLOCK 1E-2              
1 40722U 98067GE  15226.84221213  .00032442  00000-0  43379-3 0  9998
2 40722  51.6438 150.7728 0004844  33.9885   5.1245 15.57721143  4984
FLOCK 1E-1              
1 40723U 98067GF  15226.72312087  .00027360  00000-0  37123-3 0  9999
2 40723  51.6446 151.3830 0005927  36.7024  46.7184 15.57415565  4918
FLOCK 1E-4              
1 40724U 98067GG  15226.78357199  .00023606  00000-0  32509-3 0  9991
2 40724  51.6444 151.1540 0002017 314.1449  74.1941 15.57119134  4924
FLOCK 1E-3              
1 40725U 98067GH  15226.71913181  .00044953  00000-0  58761-3 0  9990
2 40725  51.6434 151.3582 0002681 294.1753 148.6544 15.58178367  4889
FLOCK 1E-7              
1 40726U 98067GJ  15226.78312427  .00040572  00000-0  54669-3 0  9990
2 40726  51.6417 151.1533 0005025  15.2791  12.8599 15.57404290  4770
FLOCK 1E-8              
1 40727U 98067GK  15226.78382527  .00030440  00000-0  41480-3 0  9999
2 40727  51.6439 151.1597 0004165  51.8657 336.1114 15.57249319  4769
FLOCK 1E-5              
1 40728U 98067GL  15226.78298458  .00023327  00000-0  31928-3 0  9991
2 40728  51.6399 151.1549 0004534  50.2787 336.3650 15.57284751  4776
FLOCK 1E-6              
1 40729U 98067GM  15226.78302839  .00040068  00000-0  53969-3 0  9991
2 40729  51.6424 151.1498 0005112  18.2416   9.9187 15.57419761  4785
FLOCK 1E-9              
1 40736U 98067GN  15225.24195756  .00027562  00000-0  37410-3 0  9994
2 40736  51.6435 158.9167 0002968  77.2613 282.9230 15.56971087  4621
FLOCK 1E-10             
1 40737U 98067GP  15226.86601426  .00019730  00000-0  27365-3 0  9996
2 40737  51.6365 150.7836 0003421  62.8665  46.6233 15.57047026  4771
FLOCK 1E-11             
1 40738U 98067GQ  15226.78010385  .00051498  00000-0  67709-3 0  9999
2 40738  51.6430 151.1378 0003436   3.4385  22.0808 15.57962206  4588
FLOCK 1E-12             
1 40739U 98067GR  15226.79754257  .00026998  00000-0  36988-3 0  9996
2 40739  51.6434 151.1005 0004309   9.0217  90.5286 15.57170782  4597
FLOCK 1E-13             
1 40740U 98067GS  15226.79775069  .00033703  00000-0  45775-3 0  9998
2 40740  51.6430 151.1037 0003876  55.4323  44.3644 15.57286234  4574
FLOCK 1E-14             
1 40741U 98067GT  15226.86524069  .00032557  00000-0  44464-3 0  9999
2 40741  51.6461 150.7816 0004512  56.9577  53.3135 15.57153027  4572
ARKYD-3R                
1 40742U 98067GU  15226.83815725  .00051886  00000-0  66705-3 0  9997
2 40742  51.6447 150.7475 0004288  90.2558 310.0825 15.58553066  4575
CENTENNIAL 1            
1 40743U 98067GV  15226.77712775  .00041834  00000-0  55284-3 0  9994
2 40743  51.6446 151.1204 0004399  87.8479 296.8014 15.57914164  4566
