BEIJING 1               
1 28890U 05043A   18114.57425869  .00000045  00000-0  18262-4 0  9992
2 28890  97.9188 261.4960 0013878 248.9608 111.0109 14.61218934665899
HJ-1A                   
1 33320U 08041A   18114.50265460  .00000185  00000-0  33447-4 0  9996
2 33320  97.8925 178.3408 0027498  99.1010 261.3315 14.76912567518737
HJ-1B                   
1 33321U 08041B   18114.55924025  .00000194  00000-0  34481-4 0  9990
2 33321  97.8982 179.8584 0036001 115.4734 245.0219 14.77001610518738
YAOGAN 4                
1 33446U 08061A   18114.53405585  .00000064  00000-0  15920-4 0  9996
2 33446  97.6221  98.6464 0016253  14.2522 345.9144 14.76756691505977
DEIMOS-1                
1 35681U 09041A   18114.32325957 -.00000068  00000-0 -31947-5 0  9993
2 35681  97.9164   3.8890 0002786  67.7496 292.3990 14.71726735468905
UK-DMC 2                
1 35683U 09041C   18114.58890403 -.00000002  00000-0  71843-5 0  9992
2 35683  97.7941 345.7535 0001627  94.9788 265.1625 14.71021358468789
RISAT 1                 
1 38248U 12017A   18114.56268074  .00000991  00000-0  65833-4 0  9997
2 38248  97.5744 123.3361 0005814  63.4466  49.8036 15.09487672330206
DMC3-FM1                
1 40715U 15032A   18114.55280619  .00000024  00000-0  11455-4 0  9995
2 40715  98.0102  11.7321 0014800 217.5042 142.5134 14.73684284150056
DMC3-FM2                
1 40716U 15032B   18114.57544916  .00000034  00000-0  13014-4 0  9995
2 40716  98.0121  11.9000 0011917 225.0839 134.9402 14.73691776150066
DMC3-FM3                
1 40717U 15032C   18114.46207979  .00000042  00000-0  14166-4 0  9997
2 40717  98.0113  12.4987 0015793 218.3269 141.6807 14.73680828150044
