SAUDISAT 1C             
1 27607U 02058C   15225.94668468  .00000191  00000-0  47990-4 0  9997
2 27607  64.5556  22.4213 0082915 277.1771  81.9909 14.74810722679808
SAUDISAT 2              
1 28371U 04025F   15226.76820350  .00000144  00000-0  44425-4 0  9991
2 28371  98.0344 192.8309 0024463 263.2150  96.6263 14.54073354590115
UNISAT 3                
1 28373U 04025H   15226.42881711  .00000150  00000-0  53737-4 0  9997
2 28373  98.2553 172.5284 0070592  93.2660 267.6611 14.45130586586729
SAUDISAT 3              
1 31118U 07012B   15226.71229212  .00000093  00000-0  23649-4 0  9996
2 31118  97.7311 245.8856 0013821 263.4227  96.5403 14.68909227446282
