GOES 3                  
1 10953U 78062A   15225.39051848 -.00000107  00000-0  00000+0 0  9992
2 10953  14.1114 338.5355 0006124 166.9582 208.5186  1.00278027 89211
TDRS 3                  
1 19548U 88091B   15226.34929169 -.00000315  00000-0  00000+0 0  9991
2 19548  14.6645  15.3684 0033882 303.3624  67.1549  1.00278776 85662
LEASAT 5                
1 20410U 90002B   15224.97989080 -.00000096  00000-0  00000+0 0  9997
2 20410  11.2763  17.5912 0004645 185.9360 182.3290  1.00272953 78969
SKYNET 4C               
1 20776U 90079A   15224.96848170 -.00000053  00000-0  00000+0 0  9992
2 20776  13.3911  23.1289 0002949 107.7028 177.8067  1.00273591 91224
TDRS 5                  
1 21639U 91054B   15224.30958764  .00000068  00000-0  00000+0 0  9999
2 21639  13.8038  28.8490 0016476 335.3687 259.9140  1.00275263 87973
TDRS 6                  
1 22314U 93003B   15226.07259050 -.00000308  00000-0  00000+0 0  9992
2 22314  13.2794  31.6638 0001964 238.6026  32.3113  1.00273796 82664
INTELSAT 701 (IS-701)   
1 22871U 93066A   15226.87303289 -.00000238  00000-0  00000+0 0  9993
2 22871   2.9058  70.7545 0002953  72.1094 104.8702  1.00270970 79662
NATO 4B                 
1 22921U 93076A   15226.09304042  .00000115  00000-0  00000+0 0  9995
2 22921  11.6786  29.7217 0002976 116.7949 241.6351  1.00277131 79387
INTELSAT 702 (IS-702)   
1 23124U 94034A   15226.15580481  .00000129  00000-0  00000+0 0  9991
2 23124   3.2498  69.1369 0001811  99.0627 243.0484  1.00273795 91669
OPTUS B3                
1 23227U 94055A   15226.64766316 -.00000101  00000-0  00000+0 0  9996
2 23227   6.2950  55.4741 0002838  95.2349 209.3889  1.00271841 76735
ASTRA 1D                
1 23331U 94070A   15225.39567676 -.00000308  00000-0  00000+0 0  9997
2 23331   6.4775  54.5981 0003352  85.2330 276.8216  1.00271984 76455
BRASILSAT B2            
1 23536U 95016A   15223.23359874 -.00000312  00000-0  00000+0 0  9990
2 23536   6.0898  56.4131 0001870 100.1275 183.7073  1.00269810 74573
AMSC 1                  
1 23553U 95019A   15225.23702721 -.00000134  00000-0  00000+0 0  9999
2 23553   9.1437  46.2455 0003412 109.6804 147.4490  1.00272150 74455
TDRS 7                  
1 23613U 95035B   15226.58133803 -.00000215  00000-0  00000+0 0  9992
2 23613  14.5716  22.4956 0020467  27.6006 206.7792  1.00271778 73465
ECHOSTAR 1              
1 23754U 95073A   15226.22743829 -.00000265  00000-0  00000+0 0  9991
2 23754   0.0416 265.4363 0002055 237.3523 184.2565  1.00272555 71736
ABS-1A                  
1 23768U 96003A   15225.18913751 -.00000300  00000-0  00000+0 0  9997
2 23768   7.1488  52.6911 0005035  78.1519 204.8170  0.99795580 71679
INMARSAT 3-F1           
1 23839U 96020A   15225.97594659 -.00000016  00000-0  00000+0 0  9998
2 23839   2.6897  70.6622 0004861  71.1789 236.0892  1.00274418 70907
ASTRA 1F                
1 23842U 96021A   15224.13028992  .00000111  00000-0  00000+0 0  9997
2 23842   0.0815 295.4819 0003868 212.2993 263.8948  1.00274240 70687
MSAT M1                 
1 23846U 96022A   15224.09427856 -.00000113  00000-0  00000+0 0  9992
2 23846   6.6707  54.2780 0004666 119.1402  74.2120  1.00271975 70721
PALAPA C2               
1 23864U 96030A   15225.50603609 -.00000263  00000-0  00000+0 0  9996
2 23864   4.3317  63.4526 0000824 143.8865  82.4514  1.00270204 70465
INMARSAT 3-F2           
1 24307U 96053A   15226.28297841 -.00000148  00000-0  00000+0 0  9999
2 24307   1.2612  81.2516 0006467  51.6786 275.8174  1.00271463 69316
AMC-1 (GE-1)            
1 24315U 96054A   15226.56520321  .00000040  00000-0  00000+0 0  9992
2 24315   0.1790  89.1981 0001173 143.8143 166.9552  1.00099099 69327
AFRICASAT-2 (MEASAT-2)  
1 24653U 96063B   15225.20915579 -.00000248  00000-0  00000+0 0  9991
2 24653   6.3917  55.0700 0006910 134.6683 354.9304  1.00269592 68637
EUTELSAT 48A            
1 24665U 96067A   15226.15787949  .00000095  00000-0  00000+0 0  9990
2 24665   5.1928  59.9012 0004164  92.4808 274.8902  1.00270267 68979
INMARSAT 3-F3           
1 24674U 96070A   15226.52930728  .00000015  00000-0  00000+0 0  9992
2 24674   2.1038  75.1399 0004574  69.0720 187.0360  1.00271965 68265
AMC-2 (GE-2)            
1 24713U 97002A   15226.33727090 -.00000251  00000-0  00000+0 0  9990
2 24713   3.0650  69.6893 0005303  71.3491 221.9623  1.00271613 18623
INTELSAT 26 (IS-26)     
1 24732U 97007A   15224.97974596 -.00000032  00000-0  00000+0 0  9996
2 24732   6.3615  55.3179 0002927  92.3844 231.8754  1.00272470 67580
GALAXY 25 (G-25)        
1 24812U 97026A   15224.20011016 -.00000189  00000-0  00000+0 0  9994
2 24812   0.0140  71.3659 0003002  72.5788 155.3176  1.00271359 66623
INMARSAT 3-F4           
1 24819U 97027A   15224.21294103 -.00000316  00000-0  00000+0 0  9995
2 24819   4.5615  61.7475 0005098  82.2161 198.9834  1.00268738 66637
SUPERBIRD-A3            
1 24880U 97036A   15226.50457181 -.00000156  00000-0  00000+0 0  9996
2 24880   5.5132  58.5484 0004721 122.9357 120.7865  1.00272351 66032
ABS-3                   
1 24901U 97042A   15224.14359293 -.00000058  00000-0  00000+0 0  9991
2 24901   3.6273  67.4894 0005969  86.3162 215.0491  1.00272159 65798
INTELSAT 5 (IS-5)       
1 24916U 97046A   15226.83102197 -.00000162  00000-0  00000+0 0  9994
2 24916   2.2231  74.5624 0004103  48.2788 296.2531  1.00272043 65915
METEOSAT-7              
1 24932U 97049B   15226.08045725  .00000032  00000-0  00000+0 0  9990
2 24932   9.7625  43.6968 0000396 208.2568 157.1305  1.00265218 65723
AMC-3 (GE-3)            
1 24936U 97050A   15225.33737558 -.00000298  00000-0  10000-3 0  9995
2 24936   0.0541 275.1488 0000891 282.2878 178.4487  1.00270437 65730
NSS-5                   
1 24957U 97053A   15225.83384814  .00000085  00000-0  00000+0 0  9997
2 24957   2.5253  72.8313 0003214  71.0228 168.7617  1.00273927 65525
ECHOSTAR 3              
1 25004U 97059A   15226.40012432 -.00000306  00000-0  00000+0 0  9992
2 25004   0.7776  82.7643 0001745 108.1186 213.8601  1.00271369 65441
JCSAT-1B                
1 25067U 97075A   15225.28651977 -.00000230  00000-0  00000+0 0  9993
2 25067   4.3482  63.2598 0004849 105.0674  46.2018  1.00271439 64833
ASTRA 1G                
1 25071U 97076A   15226.77918772  .00000026  00000-0  00000+0 0  9995
2 25071   0.9562  79.8431 0002952  67.4068 155.9567  1.00273582 64837
BRASILSAT B3            
1 25152U 98006A   15226.05716455 -.00000195  00000-0  00000+0 0  9992
2 25152   2.7372  72.1854 0002860  67.7036 110.8673  1.00272157 64214
INMARSAT 3-F5           
1 25153U 98006B   15225.07252660  .00000114  00000-0  00000+0 0  9997
2 25153   1.2378  73.3650 0004349  59.9469 238.6012  1.00275396 64202
NSS-806                 
1 25239U 98014A   15224.46018197 -.00000306  00000-0  00000+0 0  9992
2 25239   0.0596 323.7022 0004421 180.8288 294.1726  1.00269158 63932
CHINASAT 5A (ZX 5A)     
1 25354U 98033A   15225.81864183 -.00000291  00000-0  00000+0 0  9998
2 25354   0.0388 261.2752 0002748 266.5273 230.8735  1.00271109 67537
THOR III                
1 25358U 98035A   15222.84867990 -.00000069  00000-0  00000+0 0  9996
2 25358   4.2332  63.4582 0001922  81.5298 115.2104  1.00271908 62970
INTELSAT 805 (IS-805)   
1 25371U 98037A   15226.13262593 -.00000310  00000-0  10000-3 0  9991
2 25371   0.0532 268.8179 0002925 253.8126 151.8376  1.00272666 62858
ASTRA 2A                
1 25462U 98050A   15225.07261044  .00000123  00000-0  00000+0 0  9995
2 25462   0.0531 147.1306 0005390 344.1941 244.0251  1.00275787 62031
INTELSAT 7 (IS-7)       
1 25473U 98052A   15226.35832285 -.00000167  00000-0  00000+0 0  9991
2 25473   1.8092  77.6099 0004198  90.7188 264.9157  1.00271407 61931
SIRIUS 3                
1 25492U 98056B   15223.95038862  .00000075  00000-0  00000+0 0  9995
2 25492   5.3286  59.3051 0001114  81.0994 213.0400  1.00275060 61760
AFRISTAR                
1 25515U 98063A   15225.65058823  .00000101  00000-0  00000+0 0  9997
2 25515   1.9916  71.0112 0004411  65.8608  80.0942  1.00275107 61420
INTELSAT 8 (IS-8)       
1 25522U 98065A   15226.28398324 -.00000055  00000-0  00000+0 0  9999
2 25522   0.0474 264.1050 0002984 239.9906  89.5052  1.00272438 61421
EUTELSAT 115 WEST A     
1 25558U 98070A   15226.32996845 -.00000050  00000-0  10000-3 0  9991
2 25558   1.8159  77.2492 0002716  94.4892 154.4719  1.00271707 61333
JCSAT-4A                
1 25630U 99006A   15224.84119022 -.00000182  00000-0  00000+0 0  9992
2 25630   0.9145  83.5222 0001553  72.2202 189.9840  1.00271980 60270
SKYNET 4E               
1 25639U 99009B   15222.78903231  .00000001  00000-0  00000+0 0  9997
2 25639   9.4258  34.1337 0002640  95.5755 119.2866  1.00274879 60270
ASIASAT 3S              
1 25657U 99013A   15224.74964057 -.00000187  00000-0  00000+0 0  9999
2 25657   1.1367  81.4511 0000714 350.9421 307.2401  1.00517295 60093
ASTRA 1H                
1 25785U 99033A   15225.92443944 -.00000305  00000-0  00000+0 0  9993
2 25785   2.5107  73.0749 0002059  56.7184 117.2752  1.00268420 59070
TELKOM 1                
1 25880U 99042A   15224.49337201 -.00000371  00000-0  00000+0 0  9991
2 25880   0.0295 244.6963 0001721 330.6339  30.8847  1.00270733 58638
ABS-7                   
1 25894U 99046A   15226.80268421 -.00000385  00000-0  00000+0 0  9999
2 25894   0.0326 231.0412 0001854 279.0899 217.8236  1.00270680 57461
GALAXY 27 (G-27)        
1 25922U 99052A   15223.84557543 -.00000032  00000-0  00000+0 0  9994
2 25922   1.8808  76.4759 0009631  57.8589 196.2262  1.00273368 58153
ABS-6                   
1 25924U 99053A   15225.39539258 -.00000145  00000-0  00000+0 0  9997
2 25924   0.0206 265.7741 0003206 214.3289 142.7551  1.00271280 58160
TELSTAR 12 (ORION 2)    
1 25949U 99059A   15224.31381508 -.00000146  00000-0  00000+0 0  9995
2 25949   0.0397 258.6588 0002975 247.3881 272.3572  1.00272136 57819
AMC-4 (GE-4)            
1 25954U 99060A   15225.33739845 -.00000298  00000-0  10000-3 0  9990
2 25954   0.0080  56.9102 0002031  88.4807 230.4950  1.00271170 57777
GALAXY 11 (G-11)        
1 26038U 99071A   15226.94207328 -.00000308  00000-0  00000+0 0  9997
2 26038   0.0734 275.9986 0001253 331.1789 359.3783  1.00273915 57406
HISPASAT 1C             
1 26071U 00007A   15226.42744009 -.00000236  00000-0  00000+0 0  9990
2 26071   0.0304  20.4574 0002224 124.5056 247.5979  1.00272375 56933
SUPERBIRD-B2            
1 26095U 00012A   15224.35785280 -.00000120  00000-0  00000+0 0  9990
2 26095   0.0366 258.0403 0001417 264.8164  88.4065  1.00271329 56709
EXPRESS-A2              
1 26098U 00013A   15226.89928784 -.00000269  00000-0  10000-3 0  9992
2 26098   7.9548  49.8517 0020547 108.7952 273.1535  1.00273674 56472
ASIASTAR                
1 26107U 00016A   15225.94246363 -.00000357  00000-0  00000+0 0  9990
2 26107   0.2965  74.1283 0004024  71.8995 260.2909  1.00272613 56443
EUTELSAT 16C            
1 26243U 00019A   15225.63462315  .00000068  00000-0  00000+0 0  9995
2 26243   2.9766  69.8599 0002406  85.4879  49.3264  1.00272669 56088
EUTELSAT 36A            
1 26369U 00028A   15226.63320534  .00000132  00000-0  00000+0 0  9993
2 26369   0.0692   9.5562 0004241 137.2630  79.9319  1.00270760 55770
TDRS 8                  
1 26388U 00034A   15225.77055706 -.00000249  00000-0  00000+0 0  9991
2 26388   6.3092  62.1692 0004104  91.7655 174.2721  1.00278942 55453
ECHOSTAR 6              
1 26402U 00038A   15225.30816105 -.00000172  00000-0  00000+0 0  9994
2 26402   2.8903  70.7503 0000927 129.1863 136.1961  1.00270970 55191
INTELSAT 9 (IS-9)       
1 26451U 00043A   15226.18377109 -.00000294  00000-0  00000+0 0  9992
2 26451   2.2067  74.8369 0002670  65.2413 205.2537  1.00274552 55134
BRASILSAT B4            
1 26469U 00046A   15226.42744009 -.00000235  00000-0  10000-3 0  9998
2 26469   0.2847  89.5859 0002409  75.1577 227.6631  1.00271736 54936
NILESAT 102             
1 26470U 00046B   15226.00320394 -.00000083  00000-0  00000+0 0  9997
2 26470   0.2869  84.9494 0003934  71.3647 159.8971  1.00271785 54922
ASTRA 2B                
1 26494U 00054A   15226.16049737  .00000130  00000-0  00000+0 0  9990
2 26494   0.8391  79.9775 0002950  75.1709 256.2387  1.00275154 54532
AMC-7 (GE-7)            
1 26495U 00054B   15226.41847214  .00000064  00000-0  00000+0 0  9991
2 26495   0.0194  21.5784 0000941 167.4306 149.1325  1.00271086 54548
NSS-11 (AAP-1)          
1 26554U 00059A   15226.83244999 -.00000368  00000-0  10000-3 0  9992
2 26554   0.0568 277.8784 0001656 197.0577 255.8567  1.00271965 54503
N-SAT-110 (JCSAT-110)   
1 26559U 00060A   15223.58637633 -.00000378  00000-0  00000+0 0  9995
2 26559   0.0014   3.3891 0000286 314.3061 323.1794  1.00269882 54398
AMC-6 (GE-6)            
1 26580U 00067A   15226.20802667 -.00000283  00000-0  00000+0 0  9994
2 26580   0.0693 283.2631 0002118 231.0161 170.9063  1.00270210 54279
INTELSAT 12 (IS-12)     
1 26590U 00068A   15223.60170006  .00000109  00000-0  00000+0 0  9998
2 26590   0.0317 255.1588 0003180 255.7462  70.4303  1.00273415 54067
INTELSAT 1R (IS-1R)     
1 26608U 00072A   15226.18864191 -.00000307  00000-0  00000+0 0  9995
2 26608   0.0457 270.7612 0000422 331.7922  97.6691  1.00271249 53956
ANIK F1                 
1 26624U 00076A   15225.56197015 -.00000100  00000-0  00000+0 0  9993
2 26624   0.0186 164.6397 0002882 349.7671 262.2626  1.00272748 54017
ASTRA 2D                
1 26638U 00081A   15226.09854675  .00000010  00000-0  00000+0 0  9994
2 26638   2.3512  73.2114 0001570  67.3042 222.3796  1.00274635 53730
AMC-8 (GE-8)            
1 26639U 00081B   15226.48870398  .00000080  00000-0  00000+0 0  9995
2 26639   0.0161  26.4642 0001901 122.1749 210.8525  1.00272927 53592
TURKSAT 2A              
1 26666U 01002A   15226.09319157  .00000121  00000-0  10000-3 0  9998
2 26666   0.0520   7.9264 0003456 129.4370 260.3389  1.00273188 53455
SKYNET 4F               
1 26695U 01005B   15225.19737638 -.00000268  00000-0  00000+0 0  9999
2 26695   8.0379  41.7464 0002023 105.8069 210.8306  1.00272852 53161
EUTELSAT 28A            
1 26719U 01011A   15226.15580481  .00000131  00000-0  00000+0 0  9990
2 26719   0.0689  13.6666 0004122 109.9886 287.8283  1.00276642 52876
XM-1 (ROLL)             
1 26761U 01018A   15226.18117444 -.00000047  00000-0  10000-3 0  9994
2 26761   0.1515 254.8154 0004517  27.3893 350.0288  1.00272787 52315
INTELSAT 10 (IS-10)     
1 26766U 01019A   15226.15787949  .00000102  00000-0  00000+0 0  9996
2 26766   0.1219  87.1789 0002160  72.0571 267.3462  1.00273504 52226
INTELSAT 901 (IS-901)   
1 26824U 01024A   15224.06558655 -.00000168  00000-0  00000+0 0  9998
2 26824   0.0394 277.0797 0002995 229.0220 179.6735  1.00270804 51894
ASTRA 2C                
1 26853U 01025A   15226.15324927  .00000096  00000-0  00000+0 0  9995
2 26853   0.0621 290.3264 0003790 307.8334 181.2011  1.00558943 51889
ARTEMIS                 
1 26863U 01029A   15222.72874492  .00000084  00000-0  00000+0 0  9993
2 26863  11.9117  40.4073 0003582 163.1880  39.0270  1.00271489 52651
INTELSAT 902 (IS-902)   
1 26900U 01039A   15224.84064898  .00000006  00000-0  00000+0 0  9996
2 26900   0.0130  92.1444 0003007  66.6198 166.8170  1.00272973 51054
EUTELSAT 8 WEST A       
1 26927U 01042A   15226.28588086 -.00000090  00000-0  00000+0 0  9993
2 26927   0.0550  14.7115 0004745 130.7909 271.7140  1.00272697 50827
DIRECTV 4S              
1 26985U 01052A   15225.85237429 -.00000138  00000-0  00000+0 0  9995
2 26985   0.0208 114.2408 0000931  35.1965  18.1859  1.00269632 50280
INSAT-3C                
1 27298U 02002A   15225.81654150 -.00000102  00000-0  00000+0 0  9990
2 27298   0.0582 261.8591 0005826 227.0490 200.9066  1.00272347 49644
ECHOSTAR 7              
1 27378U 02006A   15226.42159183 -.00000024  00000-0  00000+0 0  9990
2 27378   0.0143 287.4713 0001509 273.9508 154.0528  1.00270756 49352
INTELSAT 904 (IS-904)   
1 27380U 02007A   15226.53415560  .00000025  00000-0  00000+0 0  9990
2 27380   0.0098 322.8884 0002848 181.0692  70.9464  1.00272729 49398
TDRS 9                  
1 27389U 02011A   15224.32848258 -.00000126  00000-0  00000+0 0  9996
2 27389   3.8607  89.4296 0012393 223.0289 114.0980  1.00272930 50717
JCSAT-2A                
1 27399U 02015A   15223.42626521 -.00000193  00000-0  00000+0 0  9992
2 27399   0.0035 281.7588 0002196 244.4269 100.7957  1.00271157 48890
ASTRA 3A                
1 27400U 02015B   15226.48135091  .00000047  00000-0  00000+0 0  9998
2 27400   2.5248  72.1230 0000954  66.4763 180.4010  1.00271836 49017
INTELSAT 903 (IS-903)   
1 27403U 02016A   15223.36338828 -.00000266  00000-0  00000+0 0  9993
2 27403   0.0286  23.7359 0003347 133.1135 258.9498  1.00271178 48911
NSS-7                   
1 27414U 02019A   15226.11479595 -.00000180  00000-0  00000+0 0  9996
2 27414   0.5064  87.3404 0002371  38.9483 217.2270  1.00271471 48869
DIRECTV 5 (TEMPO 1)     
1 27426U 02023A   15226.24533437 -.00000080  00000-0  00000+0 0  9993
2 27426   0.0152  98.2235 0003100  54.0441 148.2566  1.00271850 48617
INTELSAT 905 (IS-905)   
1 27438U 02027A   15224.15390927 -.00000212  00000-0  00000+0 0  9990
2 27438   0.0505 263.6951 0002104 254.6675 192.7930  1.00269004 48241
EXPRESS-A4              
1 27441U 02029A   15226.00849213 -.00000139  00000-0  00000+0 0  9997
2 27441   4.8815  61.2169 0004995 103.8802 146.0987  1.00272172 48256
GALAXY 3C (G-3C)        
1 27445U 02030A   15225.21341016 -.00000177  00000-0  00000+0 0  9995
2 27445   0.0085  42.8567 0001407 309.4372 310.8002  1.00271693 48239
EUTELSAT 5 WEST A       
1 27460U 02035A   15226.00175718 -.00000067  00000-0  00000+0 0  9997
2 27460   0.0616  51.5862 0004580  92.3844 173.7325  1.00272811 48033
N-STAR C                
1 27461U 02035B   15226.45026866 -.00000332  00000-0  00000+0 0  9991
2 27461   3.3592  68.9396 0001543  57.9755 133.7017  1.00269687 47974
EUTELSAT 8 WEST C       
1 27499U 02038A   15226.28588086 -.00000086  00000-0  00000+0 0  9999
2 27499   0.0798 295.9327 0003409 236.7130 245.1620  1.00271072 47519
ECHOSTAR 8              
1 27501U 02039A   15226.03956943 -.00000267  00000-0  00000+0 0  9999
2 27501   0.0248 105.3882 0001952  55.7293  98.3533  1.00271633 47562
EUTELSAT 12 WEST A      
1 27508U 02040A   15226.05470855 -.00000125  00000-0  00000+0 0  9996
2 27508   0.0703 347.0914 0003457 180.0933 162.1458  1.00272364 47536
METEOSAT-8 (MSG-1)      
1 27509U 02040B   15226.22268662 -.00000004  00000-0  00000+0 0  9993
2 27509   3.6436  60.8943 0000628 128.9737 216.1214  1.00272896 47542
INTELSAT 906 (IS-906)   
1 27513U 02041A   15226.84796850 -.00000009  00000-0  00000+0 0  9997
2 27513   0.0353 289.3068 0003388 231.4928 171.5402  1.00273082 47282
KODAMA (DRTS)           
1 27516U 02042B   15226.84697608 -.00000260  00000-0  00000+0 0  9991
2 27516   3.8010  66.2067 0002276  79.0965 213.2955  1.00271180 47362
KALPANA-1 (METSAT 1)    
1 27525U 02043A   15226.75724057 -.00000103  00000-0  00000+0 0  9997
2 27525   5.1849  60.0055 0012054 206.9785  42.3997  1.00272127 47338
HISPASAT 1D             
1 27528U 02044A   15226.12016412 -.00000241  00000-0  00000+0 0  9994
2 27528   0.0408 278.8950 0003257 270.1348 146.4157  1.00270736 47239
EUTELSAT 33B            
1 27554U 02051A   15225.85067068  .00000131  00000-0  00000+0 0  9990
2 27554   0.0509 104.9514 0001103 116.3231  80.0114  1.00271057 46653
TDRS 10                 
1 27566U 02055A   15226.52863380  .00000060  00000-0  00000+0 0  9994
2 27566   3.8387  61.4868 0005190 191.0523  86.0332  1.00276629 46528
NSS-6                   
1 27603U 02057A   15225.95747706 -.00000294  00000-0  10000-3 0  9992
2 27603   0.0137 141.0933 0001984  59.3562 201.2781  1.00271186 46416
NIMIQ 2                 
1 27632U 02062A   15226.12166874 -.00000270  00000-0  00000+0 0  9990
2 27632   0.6117  85.4388 0002752  82.7181 161.8479  1.00270178 46176
INTELSAT 907 (IS-907)   
1 27683U 03007A   15225.07120781 -.00000229  00000-0  00000+0 0  9990
2 27683   0.0224  69.2343 0002831  84.0054 166.0619  1.00270622 45679
INSAT-3A                
1 27714U 03013A   15226.52581421 -.00000281  00000-0  00000+0 0  9993
2 27714   0.0809 259.7834 0005055 218.8552 126.7660  1.00271479 45248
GALAXY 12 (G-12)        
1 27715U 03013B   15226.62998781  .00000035  00000-0  00000+0 0  9992
2 27715   0.0550 266.7396 0002815 264.4433 249.3221  1.00272645 45307
ASIASAT 4               
1 27718U 03014A   15226.88806987 -.00000383  00000-0  00000+0 0  9997
2 27718   0.0094 108.3948 0000250 228.0430  68.3590  1.00271180 45234
HELLAS-SAT 2            
1 27811U 03020A   15225.07286200  .00000126  00000-0  00000+0 0  9992
2 27811   0.0054 338.8068 0004331 153.0930 254.5135  1.00275174 44659
AMC-9 (GE-12)           
1 27820U 03024A   15223.01818252 -.00000243  00000-0  00000+0 0  9997
2 27820   0.0341 276.6210 0002689 225.2392 100.8268  1.00271774 44599
THURAYA-2               
1 27825U 03026A   15226.85491524  .00000111  00000-0  10000-3 0  9996
2 27825   4.3129  25.9974 0004475 117.5163 171.2206  1.00272790 44651
OPTUS C1                
1 27831U 03028B   15226.65870161 -.00000171  00000-0  00000+0 0  9993
2 27831   0.0234 162.4645 0003355 354.1209 199.2979  1.00272036 44612
ECHOSTAR 12 (RAINBOW 1) 
1 27852U 03033A   15225.39818833 -.00000308  00000-0  00000+0 0  9992
2 27852   0.0590 276.5691 0001543 269.9585 216.9807  1.00272272 44276
GALAXY 23 (G-23)        
1 27854U 03034A   15224.41198582 -.00000015  00000-0  00000+0 0  9994
2 27854   0.0258 100.1362 0002999  52.1179 195.5982  1.00279443 43893
EUTELSAT 33A            
1 27948U 03043A   15226.15945123  .00000129  00000-0  00000+0 0  9997
2 27948   1.0249  80.5306 0000614 201.7269 128.2052  1.00269181 43621
GALAXY 13 (HORIZONS-1)  
1 27954U 03044A   15225.49213758  .00000022  00000-0  00000+0 0  9995
2 27954   0.0081 119.2789 0000585 121.3262 131.1358  1.00272436 43464
YAMAL 202               
1 28089U 03053A   15226.92491925  .00000097  00000-0  00000+0 0  9990
2 28089   0.0133  30.8897 0003281 127.6579 186.4503  1.00275173 42977
AMOS-2                  
1 28132U 03059A   15225.99515993 -.00000060  00000-0  00000+0 0  9994
2 28132   0.1044 253.5928 0001990 247.1108 175.5843  1.00271681 42671
EXPRESS-AM22 (SESAT 2)  
1 28134U 03060A   15226.62971916 -.00000161  00000-0  00000+0 0  9992
2 28134   0.0414 265.0081 0001400  23.9227 340.6037  1.00272675 42583
AMC-10 (GE-10)          
1 28154U 04003A   15224.43471348  .00000061  00000-0  00000+0 0  9991
2 28154   0.0230 293.9056 0001815 195.9564 212.1921  1.00271762 42207
ABS-2I                  
1 28184U 04007A   15226.81579282  .00000018  00000-0  00000+0 0  9990
2 28184   0.0336 219.0102 0001289  19.1448  79.4139  1.00273475 41882
EUTELSAT 7A             
1 28187U 04008A   15226.28660914  .00000024  00000-0  00000+0 0  9995
2 28187   0.0681 344.8508 0004765 176.6997 270.9858  1.00273098 41871
DIRECTV 7S              
1 28238U 04016A   15225.49233578 -.00000024  00000-0  00000+0 0  9996
2 28238   0.0565 286.8801 0002631 224.0584 228.8186  1.00271611 41369
AMC-11 (GE-11)          
1 28252U 04017A   15224.34790086  .00000042  00000-0  00000+0 0  9997
2 28252   0.0439 279.7112 0002173 235.2487 159.7275  1.00272424 41025
INTELSAT 10-02          
1 28358U 04022A   15225.87655637 -.00000036  00000-0  00000+0 0  9995
2 28358   0.0134 128.5728 0003175  61.3613  86.6111  1.00273273 40917
APSTAR 5 (TELSTAR 18)   
1 28364U 04024A   15224.49414193 -.00000321  00000-0  00000+0 0  9998
2 28364   0.0049 268.8815 0002469 244.5005 123.0866  1.00270376 40823
ANIK F2                 
1 28378U 04027A   15226.62456553 -.00000073  00000-0  00000+0 0  9993
2 28378   0.0241  23.2788 0000789 247.0780 166.1116  1.00270817 40652
AMAZONAS 1              
1 28393U 04031A   15225.92838264 -.00000311  00000-0  00000+0 0  9995
2 28393   0.3579  86.8865 0001927  87.5700  66.3691  1.00269912 40418
AMC-15                  
1 28446U 04041A   15226.54000194 -.00000112  00000-0  00000+0 0  9996
2 28446   0.0559 285.8908 0002089 199.3337 286.7585  1.00272485 39685
AMC-16                  
1 28472U 04048A   15226.42242273 -.00000230  00000-0  00000+0 0  9996
2 28472   0.0666 283.0416 0002248 226.2449 240.2979  1.00272021 39114
NSS-10 (AMC-12)         
1 28526U 05003A   15226.34975262 -.00000275  00000-0  00000+0 0  9999
2 28526   0.0217 300.0950 0002694 196.2045 274.6548  1.00267529 38616
XTAR-EUR                
1 28542U 05005A   15225.64875638  .00000126  00000-0  00000+0 0  9991
2 28542   0.0839 268.8553 0002054 242.3003  73.1298  1.00273327 38461
HIMAWARI-6 (MTSAT-1R)   
1 28622U 05006A   15226.44569747 -.00000305  00000-0  00000+0 0  9991
2 28622   0.3078  88.6435 0001747  43.7791 130.5419  1.00271062 38300
XM-3 (RHYTHM)           
1 28626U 05008A   15226.42241512 -.00000229  00000-0  00000+0 0  9997
2 28626   0.0114 340.8954 0000392  13.2211  35.3538  1.00272016 38365
INMARSAT 4-F1           
1 28628U 05009A   15224.84276817 -.00000285  00000-0  00000+0 0  9992
2 28628   2.7741   2.5484 0002628 149.0810 256.2223  1.00271715 37964
EXPRESS-AM2             
1 28629U 05010A   15226.88163022 -.00000159  00000-0  00000+0 0  9994
2 28629   0.9574  82.8745 0001790 228.6448  48.8360  1.00271948 38012
APSTAR 6                
1 28638U 05012A   15223.92612582 -.00000346  00000-0  00000+0 0  9996
2 28638   0.0293  90.1700 0002587  66.6683 270.5878  1.00268991 62682
SPACEWAY 1              
1 28644U 05015A   15225.49272455 -.00000128  00000-0  00000+0 0  9999
2 28644   0.0474 269.7752 0000301   1.4456 124.8269  1.00273220 37800
DIRECTV 8               
1 28659U 05019A   15226.42204159 -.00000139  00000-0  00000+0 0  9991
2 28659   0.0206  84.2150 0003053  70.8658 218.5160  1.00269937 37487
GALAXY 28 (G-28)        
1 28702U 05022A   15225.33681911 -.00000211  00000-0  00000+0 0  9999
2 28702   0.0127  79.8781 0000254 173.5555 100.2457  1.00271009 37125
EXPRESS-AM3             
1 28707U 05023A   15224.43656326 -.00000348  00000-0  00000+0 0  9998
2 28707   0.0476 264.2419 0000546 359.5303 316.9003  1.00268603 37125
THAICOM 4               
1 28786U 05028A   15225.80353501 -.00000387  00000-0  00000+0 0  9994
2 28786   0.0197  90.3322 0003087 127.5959 152.6964  1.00272140 36633
GALAXY 14 (G-14)        
1 28790U 05030A   15226.51079916  .00000013  00000-0  00000+0 0  9991
2 28790   0.0199 283.9037 0002241 221.8231 235.7725  1.00271432 36603
ANIK F1R                
1 28868U 05036A   15225.56744022 -.00000099  00000-0  00000+0 0  9999
2 28868   0.0139   6.9090 0001878  90.9345 320.7792  1.00271798 36447
GALAXY 15 (G-15)        
1 28884U 05041A   15226.23566956  .00000055  00000-0  00000+0 0  9997
2 28884   0.0426 279.8837 0000959 251.8875 102.3762  1.00271299 35928
SYRACUSE 3A             
1 28885U 05041B   15223.98316044  .00000102  00000-0  00000+0 0  9991
2 28885   0.0246  93.1188 0001859  56.6766 211.2346  1.00273960 36022
INMARSAT 4-F2           
1 28899U 05044A   15225.05264162  .00000112  00000-0  00000+0 0  9993
2 28899   2.4490   2.2580 0002628 154.5898 208.3475  1.00274659 35788
TELKOM 2                
1 28902U 05046A   15224.61759704 -.00000389  00000-0  00000+0 0  9999
2 28902   0.0291 237.3175 0001590 266.4731 157.2758  1.00271145 35540
SPACEWAY 2              
1 28903U 05046B   15226.36747216 -.00000150  00000-0  00000+0 0  9995
2 28903   0.0042 237.0264 0000173  52.7465  65.8762  1.00272478 35782
INSAT-4A                
1 28911U 05049A   15225.93978757 -.00000190  00000-0  00000+0 0  9999
2 28911   0.0953 261.7183 0004362 330.5678 151.0614  1.00272484 35380
METEOSAT-9 (MSG-2)      
1 28912U 05049B   15224.14305487  .00000035  00000-0  00000+0 0  9993
2 28912   0.9179  60.1767 0000701 207.7080 113.2374  1.00266644 35355
EUTELSAT 172A (GE-23)   
1 28924U 05052A   15226.31995968 -.00000030  00000-0  00000+0 0  9996
2 28924   0.0835 316.4611 0005173 191.6313 101.5010  1.00271886 35273
ECHOSTAR 10             
1 28935U 06003A   15226.42181289 -.00000079  00000-0  00000+0 0  9993
2 28935   0.0611 282.5808 0001047 218.6684 222.9092  1.00271877 34812
HIMAWARI-7 (MTSAT-2)    
1 28937U 06004A   15225.48972872 -.00000269  00000-0  00000+0 0  9998
2 28937   0.0396 268.2318 0003404 224.7137 149.9034  1.00270037 34643
SPAINSAT                
1 28945U 06007A   15223.89785007 -.00000244  00000-0  00000+0 0  9998
2 28945   0.0396 257.4895 0004615 273.1385  82.6118  1.00270520 34496
EUTELSAT 9A             
1 28946U 06007B   15226.28210586  .00000038  00000-0  10000-3 0  9995
2 28946   0.0218  52.2262 0003854 120.5157 260.1903  1.00272961 34604
JCSAT-5A                
1 29045U 06010A   15226.62316920 -.00000351  00000-0  00000+0 0  9991
2 29045   0.0134 277.0998 0001038 232.9496 169.0409  1.00272881 34239
ASTRA 1KR               
1 29055U 06012A   15223.90164142  .00000093  00000-0  00000+0 0  9991
2 29055   0.0266 290.2202 0003485 244.7671 128.8316  1.00274254 34028
GOES 13                 
1 29155U 06018A   15226.49216574 -.00000272  00000-0  00000+0 0  9992
2 29155   0.0560 258.8385 0003391 230.0357 295.9219  1.00265233 33814
EUTELSAT 113 WEST A     
1 29162U 06020A   15226.42173668 -.00000061  00000-0  00000+0 0  9998
2 29162   0.0106  95.7802 0002805  57.7962 207.7536  1.00271758 33772
THAICOM 5               
1 29163U 06020B   15225.87685515 -.00000147  00000-0  00000+0 0  9991
2 29163   0.0619 275.6232 0004437 291.5719 148.9448  1.00273979 33819
GALAXY 16 (G-16)        
1 29236U 06023A   15226.56822763 -.00000151  00000-0  00000+0 0  9995
2 29236   0.0523 261.7031 0003331 249.1260 277.3798  1.00272033 33566
EUTELSAT HOT BIRD 13B   
1 29270U 06032A   15226.04855282  .00000062  00000-0  00000+0 0  9998
2 29270   0.0811 321.4381 0002104 172.9564 218.1875  1.00272955 33149
JCSAT-3A                
1 29272U 06033A   15225.84687926 -.00000370  00000-0  00000+0 0  9999
2 29272   0.0467 278.0622 0001744 210.4886 266.2672  1.00273628 33054
SYRACUSE 3B             
1 29273U 06033B   15226.00175718 -.00000069  00000-0  00000+0 0  9995
2 29273   0.0166  89.0889 0002445  68.5085 159.9101  1.00272319 33037
KOREASAT 5 (MUGUNGWHA 5)
1 29349U 06034A   15226.80285595 -.00000381  00000-0  00000+0 0  9990
2 29349   0.0193  90.7024 0001510  78.7552 195.4954  1.00270156 32942
ZHONGXING-22A           
1 29398U 06038A   15223.04318096 -.00000343  00000-0  00000+0 0  9992
2 29398   4.5882  62.2581 0007187 110.0360 263.8648  1.00268800 32689
DIRECTV 9S              
1 29494U 06043A   15225.85503852 -.00000139  00000-0  00000+0 0  9995
2 29494   0.0228 123.8066 0002975  26.5863  18.2913  1.00270054 32391
OPTUS D1                
1 29495U 06043B   15226.83672078 -.00000134  00000-0  00000+0 0  9997
2 29495   0.0630 286.5884 0002954 217.0313 280.5108  1.00272653 32441
XM-4 (BLUES)            
1 29520U 06049A   15225.46367432 -.00000049  00000-0  00000+0 0  9990
2 29520   0.0072 229.6807 0000557 343.6164 159.9607  1.00273322 32289
BADR-4                  
1 29526U 06051A   15226.86856345  .00000122  00000-0  00000+0 0  9991
2 29526   0.0590 308.6165 0000528 294.6202  58.4044  1.00273989 32187
FENGYUN 2D              
1 29640U 06053A   15225.98826976 -.00000383  00000-0  10000-3 0  9994
2 29640   3.1932  67.9260 0002603 147.4468 225.9763  1.00281912 31851
WILDBLUE-1              
1 29643U 06054A   15226.17183428 -.00000074  00000-0  00000+0 0  9990
2 29643   0.0435 261.1293 0001580 248.8389 122.9800  1.00272506 31838
AMC-18                  
1 29644U 06054B   15226.54000421 -.00000113  00000-0  00000+0 0  9997
2 29644   0.0106 322.4864 0002511 170.7832 278.8306  1.00267764 31854
MEASAT-3                
1 29648U 06056A   15226.57319133 -.00000264  00000-0  00000+0 0  9996
2 29648   0.0363 156.7131 0003290 352.9672 110.7919  1.00268883 31856
KIKU-8 (ETS-VIII)       
1 29656U 06059A   15226.75769381 -.00000262  00000-0  00000+0 0  9990
2 29656   4.3350  63.4630 0005479  70.2260 247.6234  1.00274187 31731
INSAT-4B                
1 30793U 07007A   15224.78821550 -.00000284  00000-0  00000+0 0  9990
2 30793   0.0568 262.2877 0003461 307.9538 127.9028  1.00271780 30857
SKYNET 5A               
1 30794U 07007B   15225.93978846 -.00000262  00000-0  00000+0 0  9996
2 30794   0.0686 355.5747 0004676 173.9976 213.2420  1.00652227 30941
ANIK F3                 
1 31102U 07009A   15225.49234340 -.00000027  00000-0  00000+0 0  9996
2 31102   0.0155  91.1599 0001616  44.1161 244.8389  1.00271812 30626
ASTRA 1L                
1 31306U 07016A   15222.23729780  .00000093  00000-0  00000+0 0  9998
2 31306   0.0520 342.8884 0004248 118.6212 321.5087  1.00273229 30294
GALAXY 17 (G-17)        
1 31307U 07016B   15226.56195384 -.00000198  00000-0  00000+0 0  9993
2 31307   0.0266 359.2471 0002819 149.4195 285.2720  1.00271191 30375
ZHONGXING-6B            
1 31800U 07031A   15226.80268385 -.00000385  00000-0  00000+0 0  9995
2 31800   0.0267 101.1388 0002297  64.6055 201.6610  1.00268332 29773
DIRECTV 10              
1 31862U 07032A   15225.49272455 -.00000129  00000-0  00000+0 0  9997
2 31862   0.0105 273.2965 0000606 300.7888 182.0450  1.00275175 29692
SPACEWAY 3              
1 32018U 07036A   15225.21341198 -.00000177  00000-0  00000+0 0  9999
2 32018   0.0190  92.0253 0000338 150.3731  60.7822  1.00271708 29407
BSAT-3A                 
1 32019U 07036B   15226.92177372 -.00000373  00000-0  00000+0 0  9998
2 32019   0.0655 249.7860 0003784 307.3321 207.5727  1.00270807 29365
INSAT-4CR               
1 32050U 07037A   15226.57838889 -.00000100  00000-0  00000+0 0  9990
2 32050   0.0370 270.6556 0004265 323.5034  10.7011  1.00271894 29148
OPTUS D2                
1 32252U 07044A   15223.42621947 -.00000211  00000-0  00000+0 0  9991
2 32252   0.0369 288.8873 0003147 213.3273 122.7750  1.00270788 28720
INTELSAT 11 (IS-11)     
1 32253U 07044B   15226.18377109 -.00000293  00000-0  00000+0 0  9996
2 32253   0.0604 265.6671 0002852 247.5956 192.1558  1.00271861 28811
STAR ONE C1             
1 32293U 07056A   15224.25984690 -.00000304  00000-0  00000+0 0  9991
2 32293   0.0496 265.3026 0002241 254.1359 189.4815  1.00270525 28381
SKYNET 5B               
1 32294U 07056B   15222.84939645  .00000112  00000-0  00000+0 0  9991
2 32294   0.0683   5.2903 0003746 137.5179 146.2998  1.00273502 28471
ASTRA 4A (SIRIUS 4)     
1 32299U 07057A   15226.10690804  .00000008  00000-0  00000+0 0  9995
2 32299   0.0184 288.7570 0002552 221.9749 214.7704  1.00269769 28257
HORIZONS-2              
1 32388U 07063B   15225.95024464 -.00000206  00000-0  00000+0 0  9997
2 32388   0.0187  90.2086 0002576  51.2450 247.5328  1.00267904 28172
THURAYA-3               
1 32404U 08001A   15226.52097275 -.00000320  00000-0  00000+0 0  9990
2 32404   4.3552 347.5767 0004537 157.0790 104.1394  1.00272846 27822
EXPRESS-AM33            
1 32478U 08003A   15225.66225726 -.00000305  00000-0  00000+0 0  9994
2 32478   0.0410 259.6355 0001287 358.5862  38.4252  1.00269885 27902
THOR 5                  
1 32487U 08006A   15226.22253615 -.00000034  00000-0  00000+0 0  9997
2 32487   0.0665 264.3826 0001994 245.6560 251.6452  1.00271165 27473
KIZUNA (WINDS)          
1 32500U 08007A   15224.49427153 -.00000285  00000-0  00000+0 0  9999
2 32500   0.0658 266.5213 0001672 227.5111 147.5063  1.00271017 27320
AMC-14                  
1 32708U 08011A   15221.71506712  .00000107  00000-0  00000+0 0  9997
2 32708  17.8361  73.5846 0051006   4.1642 167.0305  1.00273014 28347
DIRECTV 11              
1 32729U 08013A   15226.26269470 -.00000150  00000-0  00000+0 0  9993
2 32729   0.0078 317.1283 0000099 329.0422  31.5677  1.00272270 27228
ICO G1                  
1 32763U 08016A   15226.23551037 -.00000189  00000-0  00000+0 0  9996
2 32763   4.1212 347.6872 0002848 167.6908 158.8814  1.00271895 26757
VINASAT-1               
1 32767U 08018A   15225.59220855 -.00000354  00000-0  00000+0 0  9995
2 32767   0.0383 288.8802 0001771 241.3384 136.6013  1.00271817 26889
STAR ONE C2             
1 32768U 08018B   15226.11202110 -.00000289  00000-0  00000+0 0  9996
2 32768   0.0492 240.7861 0002865 310.2845 101.4509  1.00271408 26837
TIANLIAN 1-01           
1 32779U 08019A   15226.86351369 -.00000160  00000-0  10000-3 0  9995
2 32779   1.4414  79.2443 0030822 212.9168  61.7058  1.00273184 26761
AMOS-3                  
1 32794U 08022A   15225.07181765 -.00000061  00000-0  00000+0 0  9994
2 32794   0.0375 269.2032 0002265 248.0056 185.7969  1.00272537 26725
GALAXY 18 (G-18)        
1 32951U 08024A   15223.26171950 -.00000002  00000-0  00000+0 0  9990
2 32951   0.0201 111.3456 0003284  45.7750 133.4811  1.00272891 26347
CHINASAT 9 (ZX 9)       
1 33051U 08028A   15226.57318968 -.00000270  00000-0  00000+0 0  9992
2 33051   0.0128  97.3685 0004835  35.8098 127.9994  1.00269533 26318
SKYNET 5C               
1 33055U 08030A   15226.01159514 -.00000164  00000-0  00000+0 0  9990
2 33055   0.0643   3.1113 0004706 149.0938 156.2607  1.00271359 26194
TURKSAT 3A              
1 33056U 08030B   15226.82671826  .00000123  00000-0  00000+0 0  9999
2 33056   0.0400 155.9570 0005186 349.9115 156.6283  1.00272960 26373
INTELSAT 25 (IS-25)     
1 33153U 08034A   15223.07794612 -.00000252  00000-0  00000+0 0  9998
2 33153   0.0484 267.8500 0003127 214.9153 192.9947  1.00270684 25904
BADR-6                  
1 33154U 08034B   15226.87144289  .00000122  00000-0  00000+0 0  9994
2 33154   0.0621  46.2376 0004123  57.0092 199.4039  1.00272771 26064
ECHOSTAR 11             
1 33207U 08035A   15226.20691216 -.00000081  00000-0  00000+0 0  9993
2 33207   0.0581 279.3436 0002853 248.0884 119.3506  1.00273193 25948
SUPERBIRD-C2            
1 33274U 08038A   15226.66152461 -.00000275  00000-0  00000+0 0  9999
2 33274   0.0126 265.7157 0001120 331.4311 107.7301  1.00269151 25677
AMC-21                  
1 33275U 08038B   15226.51080405  .00000013  00000-0  00000+0 0  9991
2 33275   0.0156 299.8578 0001873 201.3728 240.3433  1.00269884 25761
INMARSAT 4-F3           
1 33278U 08039A   15226.23432478 -.00000159  00000-0  00000+0 0  9997
2 33278   3.0179 354.8458 0002925 157.9193 155.9368  1.00271827 25557
NIMIQ 4                 
1 33373U 08044A   15224.07469168 -.00000247  00000-0  00000+0 0  9993
2 33373   0.0135  87.0897 0002759  45.0264 132.9543  1.00271379 25131
GALAXY 19 (G-19)        
1 33376U 08045A   15224.49983792 -.00000166  00000-0  00000+0 0  9997
2 33376   0.0069  96.2944 0002936  57.3904 249.8730  1.00271867 25126
VENESAT-1               
1 33414U 08055A   15225.33710877 -.00000264  00000-0  00000+0 0  9996
2 33414   0.0540 269.8143 0002681 293.9353 161.0409  1.00273650 24843
ASTRA 1M                
1 33436U 08057A   15226.04872051  .00000095  00000-0  00000+0 0  9995
2 33436   0.0369  79.1819 0004850  56.8107 222.8567  1.00272541 24772
CIEL-2                  
1 33453U 08063A   15226.62998810  .00000035  00000-0  00000+0 0  9991
2 33453   0.0173 283.2875 0002540 229.1772 268.1919  1.00272067 24464
EUTELSAT HOT BIRD 13C   
1 33459U 08065A   15226.87238563  .00000064  00000-0  00000+0 0  9990
2 33459   0.0387  14.7652 0004720 111.1275 164.0847  1.00272832 24540
EUTELSAT 48D            
1 33460U 08065B   15226.15787949  .00000099  00000-0  00000+0 0  9998
2 33460   0.0909 298.2597 0002815 234.1340 254.7731  1.00273844 24409
FENGYUN 2E              
1 33463U 08066A   15226.80656521 -.00000221  00000-0  00000+0 0  9993
2 33463   2.7037  59.1105 0003368 176.8489 103.5036  1.00276132 24381
EXPRESS-AM44            
1 33595U 09007A   15226.35801253 -.00000113  00000-0  00000+0 0  9999
2 33595   0.0021 216.4694 0000529   1.3546 222.5006  1.00271936 23851
NSS-9                   
1 33749U 09008A   15226.82559650  .00000048  00000-0  00000+0 0  9990
2 33749   0.0101 317.8066 0001981 179.9300 305.4597  1.00270223 23868
EUTELSAT HOT BIRD 13D   
1 33750U 09008B   15226.87526498  .00000064  00000-0  00000+0 0  9999
2 33750   0.0637 288.5640 0003583 249.0617 113.3890  1.00273019 23897
TELSTAR 11N             
1 34111U 09009A   15226.34975262 -.00000275  00000-0  00000+0 0  9996
2 34111   0.0269 107.8957 0002021  26.4440 276.4507  1.00265472 23712
RADUGA-1 8              
1 34264U 09010A   15226.53234097 -.00000081  00000-0  10000-3 0  9992
2 34264   4.4168  75.4857 0007860 301.6875 313.7978  0.99831874 23632
EUTELSAT 10A            
1 34710U 09016A   15224.14305487  .00000041  00000-0  00000+0 0  9991
2 34710   0.0661  10.2002 0004852 137.4391 234.1274  1.00274453 23242
SES-7 (PROTOSTAR 2)     
1 34941U 09027A   15226.83244803 -.00000368  00000-0  10000-3 0  9999
2 34941   0.0397  68.8083 0002246 180.4227 121.6064  1.00271134 22938
MEASAT-3A               
1 35362U 09032A   15226.90321047 -.00000265  00000-0  00000+0 0  9998
2 35362   0.0555 246.9699 0002573 302.4174 190.2666  1.00272048 22546
GOES 14                 
1 35491U 09033A   15226.55706542 -.00000115  00000-0  00000+0 0  9994
2 35491   0.4083 267.4461 0005804 276.0447 234.9817  1.00277086 22454
SIRIUS FM-5             
1 35493U 09034A   15224.41264140 -.00000172  00000-0  00000+0 0  9996
2 35493   0.0062  38.1237 0000570 286.0725  48.8737  1.00271664 22255
TERRESTAR-1             
1 35496U 09035A   15226.24743485 -.00000076  00000-0  00000+0 0  9990
2 35496   3.4727 333.7124 0002745 180.2289 146.4462  1.00272486 22442
ASIASAT 5               
1 35696U 09042A   15226.84657905 -.00000330  00000-0  00000+0 0  9990
2 35696   0.0326 255.4566 0001793 187.2862 285.4377  1.00270269 21971
JCSAT-RA (JCSAT-12)     
1 35755U 09044A   15225.62239318 -.00000371  00000-0  00000+0 0  9992
2 35755   0.0587  55.4508 0000603  49.8598 208.3961  1.00272687 21944
OPTUS D3                
1 35756U 09044B   15225.57953494 -.00000172  00000-0  00000+0 0  9994
2 35756   0.0483 332.3552 0002257 158.6438 195.3207  1.00273350 21918
PALAPA D                
1 35812U 09046A   15226.48579200 -.00000382  00000-0  00000+0 0  9992
2 35812   0.0224  82.2831 0001809  85.6877  82.4216  1.00270293 21978
NIMIQ 5                 
1 35873U 09050A   15226.30712095 -.00000281  00000-0  00000+0 0  9994
2 35873   0.0623 271.6373 0001791 237.5786 211.0483  1.00272772 21655
AMAZONAS 2              
1 35942U 09054A   15226.12724097 -.00000307  00000-0  00000+0 0  9999
2 35942   0.0318 155.0225 0005369 342.8111 169.1741  1.00269477 21491
COMSATBW-1              
1 35943U 09054B   15225.97590848 -.00000001  00000-0  00000+0 0  9998
2 35943   0.0293  70.2846 0002105  74.9903 231.1599  1.00273213 21559
NSS-12                  
1 36032U 09058A   15223.65174779  .00000044  00000-0  00000+0 0  9992
2 36032   0.0434 272.6621 0002938 212.5997 126.1213  1.00272221 21219
THOR 6                  
1 36033U 09058B   15225.87937612 -.00000035  00000-0  00000+0 0  9993
2 36033   0.0325 223.6060 0001719 304.6402 109.4438  1.00272361 21254
INTELSAT 14 (IS-14)     
1 36097U 09064A   15226.18554459 -.00000298  00000-0  00000+0 0  9990
2 36097   0.0107  79.4318 0001911  75.4859 189.1622  1.00273413 20997
EUTELSAT 36B            
1 36101U 09065A   15225.84635788  .00000130  00000-0  00000+0 0  9998
2 36101   0.0664   0.2545 0003879 147.2287 155.0741  1.00268090 21094
INTELSAT 15 (IS-15)     
1 36106U 09067A   15226.79222455 -.00000207  00000-0  00000+0 0  9999
2 36106   0.0144 273.3633 0002125 238.6106 181.2508  1.00267419 20894
DIRECTV 12              
1 36131U 09075A   15225.30783731 -.00000129  00000-0  00000+0 0  9994
2 36131   0.0517 258.6395 0000229   2.8278  67.9584  1.00272383 20666
BEIDOU G1               
1 36287U 10001A   15226.44722604 -.00000307  00000-0  10000-3 0  9998
2 36287   1.5439 358.7049 0005450 210.5837  54.1146  1.00264854 20469
RADUGA-1M 2             
1 36358U 10002A   15224.84127407 -.00000211  00000-0  00000+0 0  9999
2 36358   0.0411 261.3001 0001999 254.8906 192.6271  1.00273174 20283
SDO                     
1 36395U 10005A   15225.38074701 -.00000095  00000-0  00000+0 0  9991
2 36395  28.1642 152.6843 0001273 175.2156  28.1904  1.00268636 20312
INTELSAT 16 (IS-16)     
1 36397U 10006A   15225.38646505 -.00000270  00000-0  00000+0 0  9996
2 36397   0.0272 282.5290 0001908 252.0719 209.7885  1.00269672 20030
GOES 15                 
1 36411U 10008A   15225.48121886  .00000061  00000-0  00000+0 0  9993
2 36411   0.2727  94.5370 0001572 177.6434  87.7847  1.00279476 19973
ECHOSTAR 14             
1 36499U 10010A   15226.42159183 -.00000024  00000-0  00000+0 0  9998
2 36499   0.0175 121.6529 0002985  14.1695 219.5699  1.00270899 19829
SES-1                   
1 36516U 10016A   15226.42203396 -.00000138  00000-0  00000+0 0  9996
2 36516   0.0653 281.1324 0001249 223.6976 228.6064  1.00270248 19438
ASTRA 3B                
1 36581U 10021A   15226.75410916  .00000113  00000-0  00000+0 0  9990
2 36581   0.0535   5.0854 0004010 134.0238 118.6652  1.00271574 19035
COMSATBW-2              
1 36582U 10021B   15225.77639454  .00000063  00000-0  00000+0 0  9996
2 36582   0.0307 234.5845 0001691 284.3160  95.6409  1.00270950 19274
BEIDOU G3               
1 36590U 10024A   15226.90510940 -.00000377  00000-0  00000+0 0  9991
2 36590   1.3172  18.9376 0004027 297.8426  82.6333  1.00272808 19085
BADR-5                  
1 36592U 10025A   15225.97289978  .00000120  00000-0  00000+0 0  9999
2 36592   0.0118 131.2702 0005070  34.9278 172.0792  1.00271527 19191
COMS 1                  
1 36744U 10032A   15225.84358416 -.00000369  00000-0  00000+0 0  9992
2 36744   0.0096 101.5589 0000309 328.0034 324.2392  1.00269583 18943
ARABSAT-5A              
1 36745U 10032B   15226.15945123  .00000129  00000-0  00000+0 0  9998
2 36745   0.0548   3.1744 0003500 141.2953 265.6671  1.00274646 18930
ECHOSTAR 15             
1 36792U 10034A   15226.32476745 -.00000298  00000-0  00000+0 0  9998
2 36792   0.0698 284.6867 0001873 233.1869 236.3644  1.00268903 18695
BEIDOU IGSO 1           
1 36828U 10036A   15226.88823729 -.00000143  00000-0  10000-3 0  9993
2 36828  54.2990 200.1652 0041420 213.7417 349.0083  1.00271568 18512
NILESAT 201             
1 36830U 10037A   15226.28588086 -.00000082  00000-0  10000-3 0  9997
2 36830   0.0547 212.1444 0005402 281.8064 284.3614  1.00272506 18589
RASCOM-QAF 1R           
1 36831U 10037B   15226.10736906 -.00000006  00000-0  00000+0 0  9996
2 36831   0.0129  81.8231 0003508  72.8235 209.1212  1.00271166 18584
CHINASAT 6A (ZX 6A)     
1 37150U 10042A   15224.49380653 -.00000380  00000-0  00000+0 0  9996
2 37150   0.0396 115.0195 0000793 167.9952 340.4332  1.00275194 18171
XM-5                    
1 37185U 10053A   15225.22978988 -.00000231  00000-0  00000+0 0  9997
2 37185   0.0453 280.3952 0000381  71.2212 327.2235  1.00271039 17728
BSAT-3B                 
1 37207U 10056B   15226.92168947 -.00000373  00000-0  00000+0 0  9996
2 37207   0.0795 296.7103 0001436 331.9031 136.0384  1.00269965 17588
BEIDOU G4               
1 37210U 10057A   15226.39405242 -.00000135  00000-0  00000+0 0  9990
2 37210   0.8567  47.3372 0008427 153.2890  63.7271  1.00273047 17598
SKYTERRA 1              
1 37218U 10061A   15226.24100909 -.00000138  00000-0  00000+0 0  9992
2 37218   4.0426 325.0622 0010190 187.9383 154.7853  1.00272451 17518
ZHONGXING-20A           
1 37234U 10064A   15225.71178604 -.00000362  00000-0  00000+0 0  9990
2 37234   0.1093 268.5217 0001095 261.0418 178.5317  1.00272930 17310
HYLAS 1                 
1 37237U 10065A   15226.17046666 -.00000258  00000-0  00000+0 0  9991
2 37237   0.0595 296.0427 0001279 221.9164 192.1674  1.00274057 17292
INTELSAT 17 (IS-17)     
1 37238U 10065B   15223.96787361 -.00000029  00000-0  00000+0 0  9996
2 37238   0.0148 247.7686 0002933 258.9895 227.7586  1.00272536 17192
BEIDOU IGSO 2           
1 37256U 10068A   15226.90262103 -.00000232  00000-0  10000-3 0  9999
2 37256  53.9299 319.0694 0039161 204.0672 245.0188  1.00280493 17109
EUTELSAT KA-SAT 9A      
1 37258U 10069A   15225.05221473  .00000035  00000-0  10000-3 0  9992
2 37258   0.0498 281.0214 0003115 146.2072 281.7021  1.00271536 17091
HISPASAT 1E             
1 37264U 10070A   15226.12016412 -.00000241  00000-0  00000+0 0  9990
2 37264   0.0259 129.3819 0005652  20.9848 185.1061  1.00271237 16958
KOREASAT 6              
1 37265U 10070B   15225.94771534 -.00000387  00000-0  00000+0 0  9994
2 37265   0.0179  88.0777 0001446  54.1185 277.0236  1.00270782 16986
ELEKTRO-L 1 (GOMS 2)    
1 37344U 11001A   15225.77849328 -.00000124  00000-0  00000+0 0  9994
2 37344   1.0870  80.5020 0002676 337.5813 260.1454  1.00274794 16750
BEIDOU IGSO 3           
1 37384U 11013A   15226.89483735 -.00000155  00000-0  10000-3 0  9990
2 37384  57.0063  79.9992 0023722 194.6213 128.0250  1.00299109 15976
INTELSAT NEW DAWN       
1 37392U 11016A   15226.73208780  .00000132  00000-0  00000+0 0  9999
2 37392   0.0540 272.2326 0000373 147.5253 199.3964  1.00274919 15830
YAHSAT 1A               
1 37393U 11016B   15225.97564168  .00000076  00000-0  00000+0 0  9997
2 37393   0.0164 119.6794 0000939  32.6057 213.5353  1.00270576 15870
TELSTAR 14R             
1 37602U 11021A   15224.36152830 -.00000307  00000-0  00000+0 0  9995
2 37602   0.0577 278.6411 0001566 321.2535 147.6809  1.00270524 16066
GSAT-8                  
1 37605U 11022A   15225.79391517  .00000060  00000-0  00000+0 0  9999
2 37605   0.0608 261.9299 0004314 358.5134  42.2777  1.00272775 15529
ST-2                    
1 37606U 11022B   15225.82836262 -.00000237  00000-0  00000+0 0  9992
2 37606   0.0107  90.8721 0000634  89.0121 168.2587  1.00272757 15546
CHINASAT 10 (ZX 10)     
1 37677U 11026A   15226.90510991 -.00000375  00000-0  10000-3 0  9990
2 37677   0.0333 261.4594 0004386 310.6305 187.2585  1.00272547 15270
TIANLIAN 1-02           
1 37737U 11032A   15226.82978161 -.00000072  00000-0  10000-3 0  9996
2 37737   1.2228  80.4534 0026884 187.6421 160.5151  1.00272734 15017
GSAT-12                 
1 37746U 11034A   15225.75366867 -.00000190  00000-0  00000+0 0  9999
2 37746   0.0338 254.3172 0005343 217.1205 204.7459  1.00272232 15253
SES-3                   
1 37748U 11035A   15226.42198824 -.00000126  00000-0  00000+0 0  9992
2 37748   0.0399 304.7665 0001650 240.1560 186.5001  1.00272021 14992
KAZSAT-2                
1 37749U 11035B   15225.89715649 -.00000223  00000-0  00000+0 0  9991
2 37749   0.0564 257.4634 0000740 335.7468 138.2794  1.00271611 14878
BEIDOU IGSO 4           
1 37763U 11038A   15226.88982317 -.00000082  00000-0  10000-3 0  9996
2 37763  54.6099 202.4178 0037382 209.1863 327.0497  1.00265798 14945
ASTRA 1N                
1 37775U 11041A   15225.64697784  .00000094  00000-0  00000+0 0  9994
2 37775   0.0684  28.8287 0003311  63.8974 121.0965  1.00272209 14696
BSAT-3C (JCSAT-110R)    
1 37776U 11041B   15223.98320728 -.00000378  00000-0  00000+0 0  9997
2 37776   0.0388 272.6182 0000098  91.2316  60.1642  1.00269631 14819
PAKSAT-1R               
1 37779U 11042A   15225.96393306  .00000129  00000-0  00000+0 0  9996
2 37779   0.0235 214.8273 0001656 279.7235 212.5112  1.00269815 14589
CHINASAT 1A (ZX 1A)     
1 37804U 11047A   15226.62606272 -.00000361  00000-0  00000+0 0  9992
2 37804   0.0563 265.1485 0003139   3.9964  48.7943  1.00270106 14373
COSMOS 2473             
1 37806U 11048A   15226.62971894 -.00000159  00000-0  00000+0 0  9995
2 37806   0.0137  68.9677 0001844 186.4517  13.9373  1.00273515 14363
SES-2                   
1 37809U 11049A   15226.56074095 -.00000220  00000-0  00000+0 0  9998
2 37809   0.0536 282.4791 0002318 223.1280 291.8957  1.00273335 14312
ARABSAT-5C              
1 37810U 11049B   15226.88308530  .00000100  00000-0  00000+0 0  9995
2 37810   0.0662   5.5028 0004394 154.8986 140.4507  1.00273273 14243
EUTELSAT 7 WEST A       
1 37816U 11051A   15226.28588086 -.00000085  00000-0  10000-3 0  9992
2 37816   0.0714 330.0705 0001693 145.3425 302.5405  1.00271493 14269
QUETZSAT 1              
1 37826U 11054A   15226.49689498 -.00000265  00000-0  00000+0 0  9993
2 37826   0.0204 289.6235 0002808 219.3775 275.4794  1.00269013 14398
INTELSAT 18 (IS-18)     
1 37834U 11056A   15222.49614747  .00000025  00000-0  00000+0 0  9998
2 37834   0.0163  74.0188 0002459  83.7952 159.4065  1.00270915 14122
EUTELSAT 16A            
1 37836U 11057A   15225.95891476  .00000079  00000-0  00000+0 0  9990
2 37836   0.0700   4.1287 0004027 148.7715 170.3267  1.00272727 14081
VIASAT-1                
1 37843U 11059A   15224.30911863 -.00000051  00000-0  00000+0 0  9992
2 37843   0.0282 101.0299 0002571  40.6368 174.9321  1.00272635 14540
ASIASAT 7               
1 37933U 11069A   15225.94246363 -.00000359  00000-0  00000+0 0  9991
2 37933   0.0607 276.2054 0001630 189.0113 301.6094  1.00272062 13769
BEIDOU IGSO 5           
1 37948U 11073A   15226.90446363 -.00000176  00000-0  10000-3 0  9993
2 37948  54.0261 318.5152 0037014 201.1632 224.5585  1.00283382 13705
AMOS-5                  
1 37950U 11074A   15225.83743464  .00000084  00000-0  00000+0 0  9992
2 37950   0.0593 254.0370 0001258 298.8446  87.4963  1.00271897 13557
LUCH 5A                 
1 37951U 11074B   15226.82978161 -.00000070  00000-0  00000+0 0  9993
2 37951   2.1567 233.2230 0003776 271.3605 283.9553  1.00271897 13486
NIGCOMSAT 1R            
1 38014U 11077A   15226.09319157  .00000120  00000-0  00000+0 0  9995
2 38014   0.0337 266.2546 0001401 342.7846 149.1949  1.00273723 13356
FENGYUN 2F              
1 38049U 12002A   15225.88881534 -.00000382  00000-0  10000-3 0  9997
2 38049   0.3833  60.5016 0002054 195.1509 138.3360  1.00276512 13183
SES-4                   
1 38087U 12007A   15226.28137519 -.00000193  00000-0  00000+0 0  9991
2 38087   0.0231  10.8042 0001967 157.8014 233.0413  1.00271412 12791
BEIDOU G5               
1 38091U 12008A   15226.08045725  .00000033  00000-0  00000+0 0  9994
2 38091   1.2108  34.4491 0002315 154.9563 220.4554  1.00268179 12777
INTELSAT 22 (IS-22)     
1 38098U 12011A   15226.59187821 -.00000082  00000-0  00000+0 0  9990
2 38098   0.0281  15.3457 0002136 149.8763  82.6227  1.00272024 12352
APSTAR 7                
1 38107U 12013A   15226.75586596 -.00000125  00000-0  00000+0 0  9991
2 38107   0.0411  73.0226 0002714  65.5237 172.8960  1.00271644 12460
YAHSAT 1B               
1 38245U 12016A   15226.71499137  .00000103  00000-0  00000+0 0  9992
2 38245   0.0224 117.5547 0001022  28.7254 121.5299  1.00272716 12216
JCSAT-13                
1 38331U 12023A   15223.92728726 -.00000384  00000-0  00000+0 0  9997
2 38331   0.0155 267.9769 0002677 278.2282 231.6592  1.00270597 11854
VINASAT-2               
1 38332U 12023B   15226.84566110 -.00000352  00000-0  00000+0 0  9994
2 38332   0.0042 268.6131 0001562 253.0635 237.5172  1.00270481 11925
NIMIQ 6                 
1 38342U 12026A   15226.56195313 -.00000197  00000-0  00000+0 0  9997
2 38342   0.0734 270.5798 0001815 238.6025 284.6506  1.00272618 11892
CHINASAT 2A (ZX 2A)     
1 38352U 12028A   15226.79834280 -.00000316  00000-0  00000+0 0  9991
2 38352   0.0556 267.7139 0001296   9.2694  71.5195  1.00273640 11937
INTELSAT 19 (IS-19)     
1 38356U 12030A   15225.81669130 -.00000082  00000-0  00000+0 0  9990
2 38356   0.0426 273.9713 0002827 234.4460 273.4976  1.00271952 11808
ECHOSTAR 17             
1 38551U 12035A   15226.22062641 -.00000100  00000-0  00000+0 0  9993
2 38551   0.0090 116.3685 0002498  15.8666 162.3902  1.00272059 11414
METEOSAT-10 (MSG-3)     
1 38552U 12035B   15226.85947806 -.00000031  00000-0  00000+0 0  9991
2 38552   0.1582  87.1158 0000574 119.9072  64.7764  1.00272231 11516
SES-5                   
1 38652U 12036A   15226.10690804  .00000010  00000-0  00000+0 0  9990
2 38652   0.0782 269.7377 0002465 221.4211 234.5070  1.00274784 11369
TIANLIAN 1-03           
1 38730U 12040A   15225.83743464  .00000083  00000-0  00000+0 0  9992
2 38730   0.1336 264.5073 0006562 299.3762  76.2954  1.00273517 11270
INTELSAT 20 (IS-20)     
1 38740U 12043A   15226.02114052 -.00000049  00000-0  00000+0 0  9996
2 38740   0.0074 345.6786 0000584 241.7958 170.7484  1.00272594 11123
HYLAS 2                 
1 38741U 12043B   15226.15945123  .00000130  00000-0  00000+0 0  9992
2 38741   0.0567 272.3450 0001872 238.5974 259.7314  1.00271931 11144
INTELSAT 21 (IS-21)     
1 38749U 12045A   15226.39949630 -.00000309  00000-0  00000+0 0  9994
2 38749   0.0104  58.7243 0002320 111.9418 237.6355  1.00271571 10937
ASTRA 2F                
1 38778U 12051A   15225.84410410  .00000125  00000-0  00000+0 0  9996
2 38778   0.0927 251.3691 0003213 302.2628 100.3537  1.00270718 10570
GSAT-10                 
1 38779U 12051B   15226.81084280 -.00000188  00000-0  00000+0 0  9997
2 38779   0.0615 263.3138 0003209 321.8376 112.6554  1.00271908 10584
INTELSAT 23 (IS-23)     
1 38867U 12057A   15222.43990715 -.00000312  00000-0  00000+0 0  9993
2 38867   0.0444 264.9812 0001495 235.8321 283.1245  1.00270865 10376
BEIDOU G6               
1 38953U 12059A   15226.81715067 -.00000159  00000-0  10000-3 0  9996
2 38953   0.3034  63.4004 0003080 118.8625 154.8305  1.00271337 10347
LUCH 5B                 
1 38977U 12061A   15226.35785350 -.00000152  00000-0  00000+0 0  9994
2 38977   2.1915  80.5201 0004335  97.4606 257.1321  1.00272637 10467
YAMAL 300K              
1 38978U 12061B   15226.60140522  .00000047  00000-0  00000+0 0  9991
2 38978   0.0109 119.1398 0000849 151.8758  91.1010  1.00267024 10178
STAR ONE C3             
1 38991U 12062A   15226.49216574 -.00000273  00000-0  00000+0 0  9997
2 38991   0.0576  91.2794 0001453  82.4702 251.0110  1.00274280 10159
EUTELSAT 21B            
1 38992U 12062B   15225.83754899  .00000105  00000-0  00000+0 0  9995
2 38992   0.0662   2.2589 0002206 154.5013 128.2510  1.00272170 10158
ECHOSTAR 16             
1 39008U 12065A   15225.10836888 -.00000308  00000-0  10000-3 0  9997
2 39008   0.0101 102.6519 0002822  36.3450 159.7194  1.00272070 10087
CHINASAT 12 (ZX 12)     
1 39017U 12067A   15225.83123696 -.00000232  00000-0  00000+0 0  9996
2 39017   0.0136  91.9318 0002453  64.5088 192.2387  1.00272383  9993
EUTELSAT 70B            
1 39020U 12069A   15226.91385547 -.00000066  00000-0  00000+0 0  9992
2 39020   0.0611 348.2490 0002307 147.7184 226.4447  1.00271848  9917
YAMAL 402               
1 39022U 12070A   15226.02556674  .00000062  00000-0  10000-3 0  9999
2 39022   0.0586 270.5221 0002135 227.7322 247.9570  1.00270047  9893
SKYNET 5D               
1 39034U 12075A   15226.82605779  .00000076  00000-0  00000+0 0  9996
2 39034   0.0720   2.9252 0003398 145.1087 164.9784  1.00272643  9811
MEXSAT 3                
1 39035U 12075B   15225.45612005 -.00000052  00000-0  10000-3 0  9995
2 39035   0.0264 208.3139 0002078 292.4788 230.1726  1.00273364  9766
TDRS 11                 
1 39070U 13004A   15226.23914219  .00000074  00000-0  00000+0 0  9994
2 39070   6.1855 329.7974 0008805 254.6599  12.9028  1.00265966  9273
AMAZONAS 3              
1 39078U 13006A   15225.60459950 -.00000308  00000-0  10000-3 0  9996
2 39078   0.0451 250.4721 0004213 289.1061 298.8032  1.00270554  9259
AZERSPACE 1             
1 39079U 13006B   15223.84502657  .00000106  00000-0  00000+0 0  9994
2 39079   0.0048 350.6295 0001635 188.2896 131.2433  1.00270486  9205
EUTELSAT 117 WEST A     
1 39122U 13012A   15225.49238913 -.00000039  00000-0  00000+0 0  9990
2 39122   0.0149 251.4020 0002462 253.8715 236.7908  1.00272981  8757
ANIK G1                 
1 39127U 13014A   15226.42188150 -.00000098  00000-0  00000+0 0  9993
2 39127   0.0370 273.1350 0002002 301.7740 152.1610  1.00272493  8553
CHINASAT 11 (ZX 11)     
1 39157U 13020A   15225.45605832 -.00000316  00000-0  00000+0 0  9999
2 39157   0.0141 256.7707 0002432 310.9723  15.9326  1.00267504  8439
EUTELSAT 7B             
1 39163U 13022A   15226.28660914  .00000024  00000-0  00000+0 0  9997
2 39163   0.0421 347.8858 0002063  35.5618  49.0891  1.00273130  8290
SES-6                   
1 39172U 13026A   15226.18159907 -.00000286  00000-0  00000+0 0  9996
2 39172   0.0594 284.8237 0001917 222.6318 199.6852  1.00273973  8020
IRNSS-1A                
1 39199U 13034A   15222.68224078  .00000063  00000-0  00000+0 0  9999
2 39199  27.8306 127.0278 0018037 191.5947 300.8342  1.00275052  7909
ALPHASAT                
1 39215U 13038A   15226.04887297  .00000116  00000-0  00000+0 0  9993
2 39215   0.9303  33.2967 0001570 114.6906 216.6053  1.00275177  7568
INSAT-3D                
1 39216U 13038B   15225.82970855 -.00000181  00000-0  00000+0 0  9995
2 39216   0.0135 203.5088 0000737 331.6212 167.5957  1.00270429  7588
EUTELSAT 25B            
1 39233U 13044A   15223.84449296  .00000116  00000-0  00000+0 0  9998
2 39233   0.0478 358.6537 0001729 141.1820 149.6810  1.00275850  7176
GSAT-7                  
1 39234U 13044B   15225.83823749 -.00000102  00000-0  00000+0 0  9995
2 39234   0.0841 258.0816 0007963   6.9587  72.6658  1.00271702  7186
AMOS-4                  
1 39237U 13045A   15226.84796850 -.00000016  00000-0  00000+0 0  9997
2 39237   0.0593 271.5296 0001818 272.8679 148.7948  1.00272738  7181
ASTRA 2E                
1 39285U 13056A   15226.16117313  .00000126  00000-0  10000-3 0  9994
2 39285   0.0491 342.9574 0001932 162.3346 263.4581  1.00273003  6884
SIRIUS FM-6             
1 39360U 13058A   15225.49241200 -.00000043  00000-0  00000+0 0  9992
2 39360   0.0126  55.4587 0000942 252.9646  74.2815  1.00272366  6634
RADUGA-1M 3             
1 39375U 13062A   15226.70722375 -.00000062  00000-0  00000+0 0  9996
2 39375   0.0165 163.2513 0002830   9.1240 114.9992  1.00271727  6425
SES-8                   
1 39460U 13071A   15226.52535839 -.00000293  00000-0  00000+0 0  9994
2 39460   0.0430 264.6038 0002233 216.5339 125.6018  1.00270887  6168
INMARSAT 5-F1           
1 39476U 13073A   15225.90768639  .00000003  00000-0  00000+0 0  9998
2 39476   0.0197  80.6081 0000362 218.1331  52.6524  1.00272409  6219
TKSAT-1 (TUPAC KATARI)  
1 39481U 13075A   15226.20120572 -.00000219  00000-0  00000+0 0  9998
2 39481   0.0231 112.2547 0001922  50.2904 145.0239  1.00269115  6138
EXPRESS-AM5             
1 39487U 13077A   15225.88678146 -.00000306  00000-0  00000+0 0  9991
2 39487   0.0465 255.4474 0001392 107.4565  58.3366  1.00269338  6674
GSAT-14                 
1 39498U 14001A   15224.97994416 -.00000103  00000-0  00000+0 0  9996
2 39498   0.1181 263.7413 0002408 259.9020 224.1954  1.00272575  5868
THAICOM 6               
1 39500U 14002A   15225.87685412 -.00000146  00000-0  00000+0 0  9991
2 39500   0.0492 154.4336 0004503 357.2350 204.4785  1.00269679  5811
TDRS 12                 
1 39504U 14004A   15226.36184009 -.00000288  00000-0  00000+0 0  9995
2 39504   6.6132 337.2582 0004007 228.8253 205.6071  1.00278341  5745
ABS-2                   
1 39508U 14006A   15226.62103775 -.00000109  00000-0  00000+0 0  9993
2 39508   0.0197 286.4844 0002368 216.7698 117.9239  1.00272229  5628
ATHENA-FIDUS            
1 39509U 14006B   15226.22740494  .00000130  00000-0  00000+0 0  9998
2 39509   0.0090  73.4400 0000589 143.3866 225.1568  1.00274190  5792
TURKSAT 4A              
1 39522U 14007A   15226.09319157  .00000121  00000-0  00000+0 0  9997
2 39522   0.0710 272.9258 0002831 294.1094 190.7083  1.00276696  5504
EXPRESS-AT1             
1 39612U 14010A   15226.15245924  .00000054  00000-0  00000+0 0  9993
2 39612   0.0391 265.0666 0000536   7.8313 160.2260  1.00273063  5344
EXPRESS-AT2             
1 39613U 14010B   15225.48298240 -.00000307  00000-0  00000+0 0  9990
2 39613   0.0608 266.6806 0000129  76.4384 292.1739  1.00271312  5168
AMAZONAS 4A             
1 39616U 14011A   15225.34570012 -.00000308  00000-0  00000+0 0  9990
2 39616   0.0267  25.1600 0003402  83.8640 275.9415  1.00271783  5157
ASTRA 5B                
1 39617U 14011B   15226.64440480  .00000131  00000-0  00000+0 0  9993
2 39617   0.0501 302.8819 0002429 215.5782  67.7436  1.00271637  5164
IRNSS-1B                
1 39635U 14017A   15225.83632785  .00000057  00000-0  00000+0 0  9997
2 39635  30.2543 305.2890 0022845 182.2800 190.5729  1.00278689  5092
LUCH 5V                 
1 39727U 14023A   15226.90921638 -.00000289  00000-0  00000+0 0  9991
2 39727   3.9666 300.8350 0002946 227.2170 216.9396  1.00268742522826
KAZSAT 3                
1 39728U 14023B   15224.84055751  .00000034  00000-0  00000+0 0  9994
2 39728   0.0517 260.6459 0000643   2.7422  58.6517  1.00274058  4717
EUTELSAT 3B             
1 39773U 14030A   15226.10736906 -.00000005  00000-0  00000+0 0  9990
2 39773   0.0632  10.4468 0001985 138.5687 214.9116  1.00272386  4519
ASIASAT 8               
1 40107U 14046A   15226.51720023 -.00000356  00000-0  00000+0 0  9997
2 40107   0.0119 261.4619 0001269 256.9051  95.7496  1.00268746  3793
ASIASAT 6               
1 40141U 14052A   15226.48595971 -.00000386  00000-0  00000+0 0  9993
2 40141   0.0250 120.7215 0000540  83.6646  53.0466  1.00266976  3452
OPTUS 10                
1 40146U 14054A   15226.27964306 -.00000099  00000-0  00000+0 0  9990
2 40146   0.0079  96.1424 0001927  46.0030  84.8624  1.00272724  3416
MEASAT-3B               
1 40147U 14054B   15226.01735289 -.00000266  00000-0  10000-3 0  9990
2 40147   0.0402 312.4965 0000723 207.4781 259.8787  1.00271157  3468
LUCH (OLYMP)            
1 40258U 14058A   15226.35832285 -.00000166  00000-0  00000+0 0  9992
2 40258   0.0143 250.3586 0003001 278.6976 264.2821  1.00271953  3238
HIMAWARI 8              
1 40267U 14060A   15226.89836797 -.00000299  00000-0  00000+0 0  9993
2 40267   0.0093 101.9295 0000518  45.3415 279.7699  1.00271020  3168
IRNSS-1C                
1 40269U 14061A   15222.92097708 -.00000186  00000-0  00000+0 0  9992
2 40269   4.3750 267.5971 0019017   2.7162 103.1937  1.00267300  3089
INTELSAT 30 (IS-30)     
1 40271U 14062A   15224.53010303 -.00000178  00000-0  00000+0 0  9992
2 40271   0.0107 122.0012 0001870  84.2000 210.2149  1.00270930  3040
ARSAT 1                 
1 40272U 14062B   15226.06712970 -.00000284  00000-0  00000+0 0  9990
2 40272   0.0472 268.9774 0000717 225.8448 139.6946  1.00271100  3172
EXPRESS-AM6             
1 40277U 14064A   15224.13367126  .00000070  00000-0  00000+0 0  9994
2 40277   0.0493 268.9935 0000660 347.8735 164.5035  1.00274357  2970
GSAT 16                 
1 40332U 14078A   15225.79061969  .00000060  00000-0  00000+0 0  9999
2 40332   0.0935 261.9423 0005976 199.0106 200.5821  1.00271443  2542
DIRECTV 14              
1 40333U 14078B   15226.56640772 -.00000150  00000-0  00000+0 0  9992
2 40333   0.0230 100.8850 0000345 252.2321  74.2159  1.00274666  2542
YAMAL 401               
1 40345U 14082A   15222.57196979 -.00000255  00000-0  00000+0 0  9998
2 40345   0.0339 140.1255 0001053 115.7644 358.6455  1.00269692  2663
ASTRA 2G                
1 40364U 14089A   15226.16117313  .00000125  00000-0  00000+0 0  9995
2 40364   0.0275  31.9624 0002319 102.4237 274.0854  1.00275130  2317
FENGYUN 2G              
1 40367U 14090A   15226.88842590 -.00000350  00000-0  00000+0 0  9992
2 40367   1.8244 276.2756 0004195 275.4278 195.3719  1.00262049  2348
INMARSAT 5-F2           
1 40384U 15005A   15225.92838264 -.00000300  00000-0  00000+0 0  9990
2 40384   0.0210  83.4349 0001163 195.3158 322.7661  0.99929085  1962
EXPRESS-AM7             
1 40505U 15012A   15226.90570766  .00000128  00000-0  00000+0 0  9999
2 40505   0.0070  97.9444 0002062  57.6478 173.4181  1.00272917  1653
THOR 7                  
1 40613U 15022A   15226.85947806 -.00000031  00000-0  00000+0 0  9991
2 40613   0.0247 237.7439 0002290 265.0357 128.9305  1.00273505  1120
TURKMENALEM52E/MONACOSAT
1 40617U 15023A   15226.87808623  .00000081  00000-0  00000+0 0  9995
2 40617   0.0218  85.5150 0001700  79.2370 166.3158  1.00272762  1144
DIRECTV 15              
1 40663U 15026A   15226.49596402 -.00000155  00000-0  00000+0 0  9999
2 40663   0.0277 264.4352 0001926 160.1623 344.7860  0.99992376   848
SKY MEXICO-1            
1 40664U 15026B   15225.20246023 -.00000260  00000-0  00000+0 0  9996
2 40664   0.0173 223.3009 0001509 290.8151 161.2353  1.00268889   826
