STARLETTE               
1 07646U 75010A   15225.87242551 -.00000119  00000-0  17656-4 0  9996
2 07646  49.8237 255.8703 0205797 300.6100  57.4640 13.82298087 46710
LAGEOS 1                
1 08820U 76039A   15225.09538395  .00000027  00000-0  00000+0 0  9998
2 08820 109.8402 262.4601 0043733  70.2579 277.6457  6.38664791660588
AJISAI (EGS)            
1 16908U 86061A   15225.90086501 -.00000078  00000-0  13395-3 0  9999
2 16908  50.0092  84.7915 0011296 179.6739 275.1750 12.44481407987609
LAGEOS 2                
1 22195U 92070B   15226.77119883 -.00000009  00000-0  00000+0 0  9996
2 22195  52.6455 249.0611 0138452 255.9737 241.7946  6.47294355539298
STELLA                  
1 22824U 93061B   15226.54690508 -.00000045  00000-0 -34927-6 0  9992
2 22824  98.7232 170.2520 0006019 194.6939 272.3710 14.27356171140054
GRACE-1                 
1 27391U 02012A   15226.51365330  .00007699  00000-0  90377-4 0  9990
2 27391  88.9919  57.8201 0004441 258.5556 131.6709 15.61283488751893
GRACE-2                 
1 27392U 02012B   15226.51385853  .00007539  00000-0  88485-4 0  9993
2 27392  88.9924  57.8747 0004424 258.9021 130.9359 15.61283804751904
LARES                   
1 38077U 12006A   15226.44168141 -.00000022  00000-0  10000-3 0  9998
2 38077  69.4890 215.8467 0009572 193.9762 166.1001 12.54930792160369
