COSMOS 2413 (712)       
1 28509U 04053B   15226.81697708  .00000012  00000-0  10000-3 0  9995
2 28509  63.1395 201.0427 0005751 190.1263 298.7184  2.13101685 82757
COSMOS 2419 (714)       
1 28915U 05050A   15226.42702440  .00000007  00000-0  00000+0 0  9990
2 28915  65.1889  88.5596 0016123 355.4171 190.0150  2.13107270 74992
COSMOS 2425 (716)       
1 29670U 06062A   15225.93608159 -.00000068  00000-0  10000-3 0  9993
2 29670  65.7550 327.5090 0019978 346.7100 247.2213  2.13104950 67183
COSMOS 2426 (717)       
1 29671U 06062B   15225.84715906 -.00000069  00000-0  10000-3 0  9994
2 29671  65.7719 327.5870 0018459 164.4161 224.4001  2.13102914 67193
COSMOS 2424 (715)       
1 29672U 06062C   15226.10375464 -.00000067  00000-0  10000-3 0  9994
2 29672  65.7563 327.5126 0017865 163.3895 239.4558  2.13102331 67193
COSMOS 2433 (720)       
1 32275U 07052A   15226.11300846  .00000007  00000-0  10000-3 0  9993
2 32275  65.2046  88.3345 0001395 265.0864 295.9921  2.13104865 60704
COSMOS 2432 (719)       
1 32276U 07052B   15226.83166844  .00000007  00000-0  10000-3 0  9991
2 32276  65.2170  88.3704 0011683 343.8351   3.1505  2.13104356 60712
COSMOS 2434 (721)       
1 32393U 07065A   15226.10503309 -.00000067  00000-0  00000+0 0  9998
2 32393  65.3752 326.9725 0005144 122.8310 326.8365  2.13102892 59415
COSMOS 2436 (723)       
1 32395U 07065C   15226.67624731 -.00000063  00000-0  10000-3 0  9996
2 32395  65.3881 326.9909 0015511 355.5446 264.3327  2.13102845 59353
COSMOS 2443 (725)       
1 33379U 08046B   15226.89871244  .00000006  00000-0  10000-3 0  9992
2 33379  65.1324  87.7543 0017959 181.2131 171.5261  2.13101454 53585
COSMOS 2456 (730)       
1 36111U 09070A   15226.60883941  .00000019  00000-0  00000+0 0  9992
2 36111  64.1960 206.6072 0006355 295.2439 348.8670  2.13102982 44086
COSMOS 2457 (733)       
1 36112U 09070B   15225.86810883  .00000020  00000-0  00000+0 0  9997
2 36112  64.1780 206.5667 0007102 186.9165  20.6616  2.13101623 44074
COSMOS 2458 (734)       
1 36113U 09070C   15226.40813190  .00000019  00000-0  10000-3 0  9996
2 36113  64.1836 206.5514 0002425 285.9817  22.9811  2.13101893 44087
COSMOS 2459 (731)       
1 36400U 10007A   15226.28599288  .00000007  00000-0  10000-3 0  9999
2 36400  65.1109  87.5181 0028753 355.8509 206.0680  2.13102464 42435
COSMOS 2461 (735)       
1 36401U 10007B   15226.80014318  .00000006  00000-0  10000-3 0  9993
2 36401  65.1032  87.4856 0007256  75.9885  70.9161  2.13102557 42447
COSMOS 2460 (732)       
1 36402U 10007C   15226.70966299  .00000007  00000-0  10000-3 0  9998
2 36402  65.0933  87.4698 0001204  87.5420  32.2675  2.13102001 42447
COSMOS 2466 (738)       
1 37137U 10041A   15225.76693837 -.00000070  00000-0  10000-3 0  9993
2 37137  64.9598 327.2455 0022132 153.6918 260.3195  2.13102384 38501
COSMOS 2465 (737)       
1 37138U 10041B   15225.58484397 -.00000071  00000-0  00000+0 0  9999
2 37138  64.9761 327.3185 0036262 167.4631 289.1740  2.13102793 38496
COSMOS 2464 (736)       
1 37139U 10041C   15226.30740964 -.00000067  00000-0  00000+0 0  9991
2 37139  64.9777 327.2851 0020426  16.7083  48.7987  2.13102820 38511
COSMOS 2471 (701K)      
1 37372U 11009A   15226.83182179  .00000006  00000-0  00000+0 0  9993
2 37372  65.0915  87.4155 0006988 230.1072 114.9569  2.13102889 34710
COSMOS 2474 (742)       
1 37829U 11055A   15225.66183275  .00000022  00000-0  00000+0 0  9997
2 37829  64.5200 206.9244 0010596 255.6205 244.7848  2.13101931 30068
COSMOS 2476 (744)       
1 37867U 11064A   15226.08269234  .00000020  00000-0  00000+0 0  9994
2 37867  64.5000 206.9993 0019292 250.7753 258.1988  2.13102051 29421
COSMOS 2477 (745)       
1 37868U 11064B   15226.34454928  .00000020  00000-0  00000+0 0  9990
2 37868  64.5084 207.0276 0017350 251.9607 277.3521  2.13101939 29389
COSMOS 2475 (743)       
1 37869U 11064C   15226.54285032  .00000020  00000-0  00000+0 0  9991
2 37869  64.5158 207.0060 0023227 276.0760   1.2756  2.13102178 29392
COSMOS 2478 (746)       
1 37938U 11071A   15226.23426454  .00000007  00000-0  00000+0 0  9992
2 37938  65.1183  87.6455 0013231 240.4120 137.1998  2.13083204 29006
COSMOS 2485 (747)       
1 39155U 13019A   15226.67849304  .00000020  00000-0  00000+0 0  9995
2 39155  64.6688 206.8623 0019403 245.8663  45.4073  2.13102113 17905
COSMOS 2492 (754)       
1 39620U 14012A   15226.86515277  .00000006  00000-0  10000-3 0  9995
2 39620  64.9829  87.4957 0015241 338.4868 128.1817  2.13103547 10873
COSMOS 2500 (755)       
1 40001U 14032A   15226.16699333  .00000006  00000-0  00000+0 0  9996
2 40001  64.9221  87.5667 0005607 194.7418 320.6061  2.13103150  9061
COSMOS 2501 (702K)      
1 40315U 14075A   15226.30614087 -.00000069  00000-0  00000+0 0  9990
2 40315  64.7449 328.8365 0017312 233.5671 191.4347  2.13101694  5477
