GORIZONT 1 [-]          
1 11158U 78118A   15225.66430268 -.00000277  00000-0  00000+0 0  9997
2 11158  17.6453 281.7392 3376656 164.5810 208.9230  1.00261310 83208
GORIZONT 2 [-]          
1 11440U 79062A   15226.07970998 -.00000188  00000-0  00000+0 0  9996
2 11440  13.7065 331.3339 0008189 203.0593 259.5570  1.00242969 98291
GORIZONT 3 [-]          
1 11648U 79105A   15224.12373759  .00000076  00000-0  00000+0 0  9995
2 11648  13.7943 332.5122 0016248 159.2892 281.3473  1.00320451 82738
GORIZONT 4 [-]          
1 11841U 80049A   15226.09986111 -.00000231  00000-0  00000+0 0  9993
2 11841  14.7066 336.7036 0006216 209.4330 163.8155  0.98631177194493
GORIZONT 5 [-]          
1 13092U 82020A   15226.46588466 -.00000030  00000-0  00000+0 0  9993
2 13092  15.3435 341.4674 0036724 147.9682 228.0238  0.98530809 82564
GORIZONT 6 [-]          
1 13624U 82103A   15224.49600956  .00000090  00000-0  00000+0 0  9991
2 13624  14.1989 341.3685 0005692 177.3188 186.1668  1.00337449 81205
GORIZONT 7 [-]          
1 14160U 83066A   15224.84157899 -.00000071  00000-0  00000+0 0  9998
2 14160  15.2572 348.8380 0013866 230.6603 141.1639  0.98346448115833
GORIZONT 8 [-]          
1 14532U 83118A   15226.11727873 -.00000219  00000-0  00000+0 0  9990
2 14532  15.2838 350.3654 0026379  91.2573 257.4089  0.98271031 81616
GORIZONT 9 [-]          
1 14940U 84041A   15224.84146464 -.00000286  00000-0  00000+0 0  9992
2 14940  14.5465 349.1801 0009280 175.0913 191.7805  1.00303996 82301
GORIZONT 10 [-]         
1 15144U 84078A   15221.58118856  .00000065  00000-0  00000+0 0  9995
2 15144  14.5544 350.2259 0005127 200.2177 169.7001  1.00242485114859
GORIZONT 11 [-]         
1 15484U 85007A   15224.05605977  .00000010  00000-0  00000+0 0  9995
2 15484  14.5663 351.9261 0004382 162.0296 195.4603  1.00229760112895
GORIZONT 12 [-]         
1 16769U 86044A   15225.90748953 -.00000122  00000-0  00000+0 0  9996
2 16769  14.7208 356.7253 0007032 185.3272 183.1377  1.00197380107562
GORIZONT 13 [-]         
1 17083U 86090A   15226.04862904 -.00000151  00000-0  00000+0 0  9998
2 17083  16.0462   2.3658 0015593 250.0740 102.5554  0.96726191 80365
GORIZONT 14 [-]         
1 17969U 87040A   15223.78415759 -.00000181  00000-0  00000+0 0  9990
2 17969  15.7730 354.8996 0031846 116.1951 263.7354  0.97659166 81151
GORIZONT 15 [-]         
1 19017U 88028A   15224.84228030 -.00000164  00000-0  00000+0 0  9996
2 19017  15.9777   5.9180 0037075  96.4625 286.5134  0.97828657 80732
GORIZONT 16 [-]         
1 19397U 88071A   15225.58198286 -.00000333  00000-0  00000+0 0  9994
2 19397  14.9118   4.9386 0008794 337.1470 331.7349  0.99986522 98634
GORIZONT 17 [-]         
1 19765U 89004A   15226.61725248 -.00000310  00000-0  00000+0 0  9994
2 19765  15.1525   7.7562 0020078  77.2337 252.5790  0.99069011 96349
GORIZONT 18 [-]         
1 20107U 89052A   15226.18051508 -.00000294  00000-0  00000+0 0  9993
2 20107  15.0516   9.1518 0036935 240.9525  98.4314  0.99402791 95045
GORIZONT 19 [-]         
1 20263U 89081A   15225.97606855 -.00000093  00000-0  00000+0 0  9992
2 20263  14.8372   8.6990 0007697 179.9724 194.4655  1.00355320 94781
GORIZONT 20 [-]         
1 20659U 90054A   15225.73803583 -.00000116  00000-0  00000+0 0  9990
2 20659  14.9681  11.7010 0009476 139.3742 149.3560  1.00322468 91989
GORIZONT 21 [-]         
1 20923U 90094A   15224.14390867 -.00000041  00000-0  00000+0 0  9995
2 20923  14.8941  12.5427 0009320 166.8229 193.0421  1.00303928 90717
GORIZONT 22 [-]         
1 20953U 90102A   15224.84247088 -.00000365  00000-0  00000+0 0  9990
2 20953  14.8195  12.7767 0004770 207.8743 175.3523  1.00227003 90682
GORIZONT 23 [-]         
1 21533U 91046A   15226.11044588 -.00000225  00000-0  00000+0 0  9990
2 21533  15.1743  16.3807 0008117 202.4972 139.2630  0.98910363 81557
GORIZONT 24 [-]         
1 21759U 91074A   15225.97587036 -.00000014  00000-0  00000+0 0  9990
2 21759  15.1412  17.9329 0023136 161.0571 196.0180  0.98441300 86050
GORIZONT 25 [-]         
1 21922U 92017A   15226.36184009 -.00000309  00000-0  00000+0 0  9994
2 21922  14.7227  17.8389 0022676  12.9658  21.2102  0.99854623 85390
GORIZONT 26 [-]         
1 22041U 92043A   15225.07294586  .00000034  00000-0  00000+0 0  9999
2 22041  14.6995  19.4103 0036255 165.7277 205.2435  0.99241550 84186
GORIZONT 27 [-]         
1 22245U 92082A   15225.50125345 -.00000162  00000-0  00000+0 0  9995
2 22245  14.6228  19.7400 0010432 268.2581  13.6743  1.00227251 87462
GORIZONT 28 [-]         
1 22880U 93069A   15218.23468874  .00000067  00000-0  00000+0 0  9998
2 22880  14.3671  23.1209 0032809  70.8033 162.4348  0.99651416 79593
GORIZONT 29 [-]         
1 22907U 93072A   15226.70923848 -.00000253  00000-0  00000+0 0  9998
2 22907  14.3293  22.8154 0010717 241.1919 104.0739  1.00166418 79545
GORIZONT 30 [-]         
1 23108U 94030A   15226.23726053 -.00000162  00000-0  00000+0 0  9993
2 23108  14.2365  23.8445 0006448 161.5964 206.6259  1.00262338 77781
GORIZONT 31 [-]         
1 23775U 96005A   15226.27776112 -.00000109  00000-0  00000+0 0  9993
2 23775  13.5215  29.2977 0023699 138.0551  68.1103  0.99901077 71482
GORIZONT 32 [-]         
1 23880U 96034A   15224.21018907 -.00000145  00000-0  00000+0 0  9995
2 23880  13.4079  30.0270 0008460 244.1041 110.2436  1.00209776 70357
GORIZONT 33 [-]         
1 26372U 00029A   15225.07304495  .00000079  00000-0  00000+0 0  9993
2 26372  11.0749  39.1240 0003883 118.4270 236.7212  1.00378914 55699
