MTI                     
1 26102U 00014A   15226.90525495  .00007005  00000-0  19639-3 0  9994
2 26102  97.4953   3.9600 0011125 169.4685 306.5037 15.36861197850876
CFESAT                  
1 30777U 07006F   15225.76893402  .00004626  00000-0  18721-3 0  9991
2 30777  35.4273  16.4133 0002410  18.2793 341.8016 15.24213454464913
NFIRE                   
1 31140U 07014A   15226.80146336  .00066546  00000-0  28926-3 0  9995
2 31140  48.4136 138.1310 0007015 346.7101  48.7220 15.84049902470982
SPIRALE A               
1 33751U 09008C   15225.83726509  .00000662  00000-0  36725-3 0  9991
2 33751   2.0317 104.0235 5599296 193.2548 292.4427  4.58307319 79945
SPIRALE B               
1 33752U 09008D   15225.37459683  .00001817  00000-0  49866-3 0  9990
2 33752   2.2187 338.8557 7009309  79.0041 346.8626  2.62418731 56909
SAPPHIRE                
1 39088U 13009C   15226.17638394  .00000019  00000-0  22412-4 0  9993
2 39088  98.6030  63.4239 0012354 124.5507 235.6846 14.34056129128912
