SIRIUS-1                
1 26390U 00035A   15225.34684932  .00000060  00000-0  00000+0 0  9997
2 26390  59.7854 235.8708 2657639 269.2847 205.7627  1.00270895 55370
SIRIUS-2                
1 26483U 00051A   15224.28937200 -.00000060  00000-0  00000+0 0  9990
2 26483  64.3904 115.7374 2715579 269.0211 305.1870  1.00267644 54706
SIRIUS-3                
1 26626U 00077A   15226.31419338 -.00000163  00000-0  00000+0 0  9994
2 26626  64.4954 355.4070 2663113 269.6694  74.5464  1.00283277 53855
XM-1 (ROLL)             
1 26761U 01018A   15226.18117444 -.00000047  00000-0  10000-3 0  9994
2 26761   0.1515 254.8154 0004517  27.3893 350.0288  1.00272787 52315
XM-3 (RHYTHM)           
1 28626U 05008A   15226.42241512 -.00000229  00000-0  00000+0 0  9997
2 28626   0.0114 340.8954 0000392  13.2211  35.3538  1.00272016 38365
XM-4 (BLUES)            
1 29520U 06049A   15225.46367432 -.00000049  00000-0  00000+0 0  9990
2 29520   0.0072 229.6807 0000557 343.6164 159.9607  1.00273322 32289
O3B FM5                 
1 39188U 13031A   15224.04166667 -.00000035  00000-0  00000+0 0  9995
2 39188   0.0382  21.7235 0004043  64.6399 218.1526  4.99701973 38883
O3B FM4                 
1 39189U 13031B   15224.00719270 -.00000035  00000-0  00000+0 0  9996
2 39189   0.0503 344.6830 0002094 299.0869  76.2031  5.00116460 38896
O3B FM2                 
1 39190U 13031C   15226.36119196 -.00000034  00000-0  00000+0 0  9999
2 39190   0.0517 340.5838 0002851 296.5633  82.8173  5.00116858 39003
O3B PFM                 
1 39191U 13031D   15222.36461113 -.00000034  00000-0  00000+0 0  9995
2 39191   0.0403   9.7302 0002400 106.5738 243.7171  5.00116775 38816
O3B FM3                 
1 40079U 14038A   15225.47448981 -.00000035  00000-0  00000+0 0  9994
2 40079   0.0457 355.0038 0004799 127.7769 237.2612  5.00115995 19952
O3B FM7                 
1 40080U 14038B   15224.43048309 -.00000035  00000-0  00000+0 0  9991
2 40080   0.0431 348.3425 0002999 147.7799 223.8976  5.00115767 19924
O3B FM6                 
1 40081U 14038C   15226.45148685 -.00000034  00000-0  00000+0 0  9993
2 40081   0.0443 352.6712 0003456 139.3375 228.0177  5.00116129 20027
O3B FM8                 
1 40082U 14038D   15226.89582131 -.00000034  00000-0  00000+0 0  9990
2 40082   0.0455 345.5945 0002436 122.3568 252.0725  5.00115502 20023
O3B FM10                
1 40348U 14083A   15226.11860471 -.00000035  00000-0  00000+0 0  9997
2 40348   0.0389 359.7337 0002935 161.9744 198.2993  5.00115737 11944
O3B FM11                
1 40349U 14083B   15222.54264855 -.00000034  00000-0  00000+0 0  9994
2 40349   0.0391   0.2739 0002436 147.0518 212.6847  5.00115995 11767
O3B FM12                
1 40350U 14083C   15226.40749963 -.00000034  00000-0  00000+0 0  9993
2 40350   0.0384   0.2179 0002276 141.0975 218.6979  5.00116056 11954
O3B FM9                 
1 40351U 14083D   15222.38727180 -.00000034  00000-0  00000+0 0  9994
2 40351   0.0405   2.1237 0002743 144.5923 213.2978  5.00115960 11756
