CALSPHERE 1             
1 00900U 64063C   15226.18819851  .00000261  00000-0  27504-3 0  9995
2 00900  90.1428   1.4458 0025286 338.4759  21.5339 13.72497274527686
CALSPHERE 2             
1 00902U 64063E   15226.36979779  .00000001  00000-0 -11864-4 0  9999
2 00902  90.1468   3.7753 0017621 195.4900 180.4778 13.52616473321381
LCS 1                   
1 01361U 65034C   15225.37328729  .00000008  00000-0 -55296-4 0  9995
2 01361  32.1368 221.2834 0010321 163.6261 196.4570  9.89288926817986
TEMPSAT 1               
1 01512U 65065E   15225.55019154  .00000038  00000-0  57857-4 0  9993
2 01512  89.7965 254.7124 0068914 207.9185 307.2620 13.33377371432221
CALSPHERE 4(A)          
1 01520U 65065H   15226.54901894  .00000082  00000-0  14088-3 0  9990
2 01520  90.1097 116.4240 0070727 108.0211   8.3966 13.35663458434467
OPS 5712 (P/L 160)      
1 02826U 67053A   15226.17820803  .00000949  00000-0  28049-3 0  9992
2 02826  69.9305  12.7124 0007335 266.7450  93.2842 14.46471745491305
OPS 5712 (P/L 153)      
1 02874U 67053H   15225.81212567 -.00000025  00000-0  20181-4 0  9993
2 02874  69.9752 318.4496 0009968 289.5314 208.4101 13.96231599454377
SURCAL 150B             
1 02909U 67053J   15226.75963444  .00001404  00000-0  31901-3 0  9995
2 02909  69.9494 113.1912 0004585 344.0918  16.0075 14.58065517499151
RIGIDSPHERE 2 (LCS 4)   
1 05398U 71067E   15226.50558314  .00000244  00000-0  80557-4 0  9992
2 05398  87.6265 351.6703 0062965 344.6755  15.2532 14.33239174306428
