SCD 1                   
1 22490U 93009B   18114.57195464  .00000236  00000-0  15070-4 0  9992
2 22490  24.9688 186.2007 0043124  22.3354 116.9019 14.44520642330671
TECHSAT 1B (GO-32)      
1 25397U 98043D   18113.91438702 -.00000004  00000-0  17404-4 0  9993
2 25397  98.6459  55.2631 0001716 135.7765 224.3551 14.23644004 27784
SCD 2                   
1 25504U 98060A   18113.92414462  .00000233  00000-0  14896-4 0  9995
2 25504  24.9965  35.2881 0017342  45.6971  21.3356 14.44039149 29908
LANDSAT 7               
1 25682U 99020A   18114.19737503  .00000050  00000-0  20972-4 0  9992
2 25682  98.1717 185.4129 0001357  99.2508 260.8839 14.57131316 11883
DLR-TUBSAT              
1 25757U 99029B   18114.35425046 -.00000030  00000-0  39312-5 0  9996
2 25757  98.4091  31.3392 0015718  70.6857 289.6036 14.51381530  1618
QUIKSCAT                
1 25789U 99034A   18114.15893178 -.00000009  00000-0  13965-4 0  9991
2 25789  98.6055 302.8627 0001261 128.3599 231.7695 14.27322741981555
TERRA                   
1 25994U 99068A   18114.27843471  .00000047  00000-0  20515-4 0  9990
2 25994  98.2058 189.9211 0000788  99.4795 260.6483 14.57096447975973
MAROC-TUBSAT            
1 27004U 01056D   18113.94583365 -.00000019  00000-0  28354-4 0  9999
2 27004  99.4012 250.9027 0019029 248.8952 221.3768 13.70128355818601
AQUA                    
1 27424U 02022A   18113.96923913  .00000105  00000-0  33229-4 0  9990
2 27424  98.1987  56.0035 0000690 186.6489 251.3130 14.57127921849486
IRS-P6 (RESOURCESAT-1)  
1 28051U 03046A   18114.47170585  .00000019  00000-0  22094-4 0  9992
2 28051  98.5549 192.2797 0057317 192.8275 167.1461 14.34131148753878
SHIYAN 1 (SY-1)         
1 28220U 04012A   18113.82862139  .00001064  00000-0  91422-4 0  9997
2 28220  97.7413  72.0345 0011544 164.2647 195.8936 14.99528626762977
FORMOSAT-2 (ROCSAT 2)   
1 28254U 04018A   18114.39838142  .00000107  00000-0  10000-3 0  9999
2 28254  98.8319 169.4638 0001674  77.8712 339.9618 14.00723977712164
AURA                    
1 28376U 04026A   18113.89118601  .00000105  00000-0  33325-4 0  9992
2 28376  98.1979  58.0893 0001039 110.4483 249.6827 14.57119949732525
IRS-P5 (CARTOSAT-1)     
1 28649U 05017A   18114.51058003  .00000146  00000-0  24091-4 0  9990
2 28649  97.8252 188.4357 0003492  96.8893 263.2727 14.83470201702133
SINAH 1                 
1 28893U 05043D   18113.92245545  .00000019  00000-0  12892-4 0  9998
2 28893  97.9140 262.8944 0013930 251.8153 108.1532 14.61471877665584
EROS B                  
1 29079U 06014A   18114.53401914  .00002519  00000-0  11154-3 0  9992
2 29079  97.3799 234.2812 0004054 144.6189 277.0830 15.22547335665743
RESURS-DK 1             
1 29228U 06021A   18114.46459110  .00000100  00000-0  14982-4 0  9996
2 29228  69.9372  26.0241 0007253 242.0406 118.0021 15.02309720654840
ARIRANG-2 (KOMPSAT-2)   
1 29268U 06031A   18114.58616470  .00000082  00000-0  25479-4 0  9990
2 29268  98.0729  12.2753 0019391 105.4629 254.8726 14.62347007626501
LAPAN-TUBSAT            
1 29709U 07001A   18114.49895228  .00000041  00000-0  11602-4 0  9996
2 29709  97.7494  83.5351 0013364 148.6785 211.5222 14.82120054610098
CARTOSAT-2 (IRS-P7)     
1 29710U 07001B   18114.53101059  .00000016  00000-0  90999-5 0  9994
2 29710  97.8804 175.1166 0000911 147.8527 212.2754 14.78710128609208
HAIYANG-1B              
1 31113U 07010A   18114.53727308 -.00000012  00000-0  12134-4 0  9996
2 31113  98.5121 168.7401 0014281  13.2854 346.8707 14.30195126575973
COSMO-SKYMED 1          
1 31598U 07023A   18114.53235984 -.00000019  00000-0  42161-5 0  9992
2 31598  97.8938 298.8363 0001548  88.1277 272.0137 14.82150677588567
TERRASAR-X              
1 31698U 07026A   18113.09107382 -.00000033  00000-0  16222-5 0  9991
2 31698  97.4455 121.3248 0001872  70.4889   4.3903 15.19149592601921
WORLDVIEW-1 (WV-1)      
1 32060U 07041A   18114.32853610  .00001184  00000-0  51035-4 0  9998
2 32060  97.3838 234.7088 0002315 106.4008 311.8166 15.24498429589650
YAOGAN 3                
1 32289U 07055A   18114.39909775  .00000389  00000-0  57271-4 0  9991
2 32289  98.0075 120.7338 0001720  75.2810 284.8595 14.80891099564793
COSMO-SKYMED 2          
1 32376U 07059A   18114.49855216 -.00000917  00000-0 -10860-3 0  9994
2 32376  97.8940 298.7987 0001589  85.4154 274.7229 14.82151198561308
RADARSAT-2              
1 32382U 07061A   18114.55997649  .00000121  00000-0  63724-4 0  9991
2 32382  98.5777 122.6136 0001266  86.7485  74.0296 14.29985042540794
CARTOSAT-2A             
1 32783U 08021A   18114.37335610 -.00000102  00000-0 -68855-5 0  9999
2 32783  97.8814 175.0959 0013904  36.4774 323.7377 14.78710012539129
JASON-2 (OSTM)          
1 33105U 08032A   18114.54756065 -.00000008  00000-0  21440-3 0  9991
2 33105  66.0411 187.4792 0008125 272.3921 184.3628 12.87625722460679
RAPIDEYE 2              
1 33312U 08040A   18114.50681529  .00000047  00000-0  12897-4 0  9997
2 33312  97.7876 191.7332 0013998  60.4883 299.7733 14.79875774521415
RAPIDEYE 5              
1 33313U 08040B   18114.53018823  .00000094  00000-0  19191-4 0  9998
2 33313  97.7979 190.1488 0015399 297.5504  62.4146 14.79875259521360
RAPIDEYE 1              
1 33314U 08040C   18114.51874049  .00000083  00000-0  17762-4 0  9997
2 33314  97.7895 191.4370 0025445  72.5755 287.8241 14.79876868521405
RAPIDEYE 3              
1 33315U 08040D   18114.48695319  .00000041  00000-0  12162-4 0  9998
2 33315  97.8004 189.8851 0012796  16.4620 343.7007 14.79875442521361
RAPIDEYE 4              
1 33316U 08040E   18114.47443283  .00000064  00000-0  15177-4 0  9993
2 33316  97.8030 189.5717 0010644 320.8668  39.1774 14.79873565521353
HUANJING 1A (HJ-1A)     
1 33320U 08041A   18114.50265460  .00000185  00000-0  33447-4 0  9996
2 33320  97.8925 178.3408 0027498  99.1010 261.3315 14.76912567518737
HUANJING 1B (HJ-1B)     
1 33321U 08041B   18114.55924025  .00000194  00000-0  34481-4 0  9990
2 33321  97.8982 179.8584 0036001 115.4734 245.0219 14.77001610518738
GEOEYE 1                
1 33331U 08042A   18114.19423513  .00000052  00000-0  18999-4 0  9997
2 33331  98.1328 189.5524 0009577  12.2630 347.8784 14.64239727514615
THEOS                   
1 33396U 08049A   18114.53596631  .00000179  00000-0  10494-3 0  9996
2 33396  98.7346 182.9997 0001295  97.5735  13.7267 14.20017352495662
COSMO-SKYMED 3          
1 33412U 08054A   18114.55344443  .00000332  00000-0  48238-4 0  9994
2 33412  97.8941 298.8540 0001626  91.2766 268.8635 14.82153296513777
YAOGAN 4                
1 33446U 08061A   18114.53405585  .00000064  00000-0  15920-4 0  9996
2 33446  97.6221  98.6464 0016253  14.2522 345.9144 14.76756691505977
GOSAT (IBUKI)           
1 33492U 09002A   18114.55542741  .00000065  00000-0  20022-4 0  9991
2 33492  98.1435 229.0238 0001612  71.9046 288.2335 14.67513955495494
YAOGAN 6                
1 34839U 09021A   18114.56264531  .00000513  00000-0  22379-4 0  9992
2 34839  97.0999 155.5175 0026846 296.7611  63.0882 15.26130902500066
DEIMOS-1                
1 35681U 09041A   18114.32325957 -.00000068  00000-0 -31947-5 0  9993
2 35681  97.9164   3.8890 0002786  67.7496 292.3990 14.71726735468905
DUBAISAT-1              
1 35682U 09041B   18114.38106131  .00000129  00000-0  30047-4 0  9996
2 35682  97.7630 324.8509 0010144 234.9157 125.1091 14.68665040467882
OCEANSAT-2              
1 35931U 09051A   18113.85797974  .00000085  00000-0  32778-4 0  9990
2 35931  98.3024 209.5209 0001538 351.3410   8.7758 14.50855494454407
WORLDVIEW-2 (WV-2)      
1 35946U 09055A   18114.19394956 -.00000044  00000-0 -24942-6 0  9994
2 35946  98.4703 191.7097 0002051 149.9987 210.1304 14.37588282448194
SMOS                    
1 36036U 09059A   18114.15134870  .00000084  00000-0  40668-4 0  9995
2 36036  98.4455 302.4151 0001455  88.6285 271.5069 14.39772343445357
YAOGAN 7                
1 36110U 09069A   18114.54658293  .00000087  00000-0  20835-4 0  9999
2 36110  98.2462 283.6606 0023744 197.0184 163.0228 14.75121082450782
TANDEM-X                
1 36605U 10030A   18112.96152259 -.00000021  00000-0  21967-5 0  9990
2 36605  97.4470 121.1990 0001836  78.8146   7.9956 15.19149680434649
CARTOSAT-2B             
1 36795U 10035A   18114.41044727  .00000101  00000-0  20732-4 0  9993
2 36795  97.8791 174.8659 0016156 101.3822 258.9209 14.78692720420174
YAOGAN 10               
1 36834U 10038A   18114.35842709  .00000064  00000-0  15136-4 0  9999
2 36834  97.9510 112.7770 0001687  70.0456 290.0941 14.80848738416531
COSMO-SKYMED 4          
1 37216U 10060A   18114.51546632  .00000011  00000-0  79955-5 0  9995
2 37216  97.8928 298.8148 0001532  84.2503 275.8897 14.82153818403854
HAIYANG 2A              
1 37781U 11043A   18114.55025762 -.00000034  00000-0  94227-5 0  9999
2 37781  99.3260 125.6016 0000225 119.2348 240.8834 13.78716438336880
RASAT                   
1 37791U 11044D   18114.31528651  .00000042  00000-0  16893-4 0  9990
2 37791  98.1237 207.5624 0020840 219.9131 140.0544 14.64660489357310
MEGHA-TROPIQUES         
1 37838U 11058A   18113.93235441  .00000294  00000-0  16754-4 0  9991
2 37838  19.9779  71.5138 0009682 227.8350 132.1231 14.09679320269764
SRMSAT                  
1 37841U 11058D   18114.26590837  .00000293  00000-0  15984-4 0  9998
2 37841  19.9727  52.3047 0011717 257.7306 258.1080 14.10603990337266
YAOGAN 13               
1 37941U 11072A   18114.52809057  .00001107  00000-0  57952-4 0  9997
2 37941  97.5022  44.3824 0001942 102.7607 311.7405 15.17912408354893
PLEIADES 1A             
1 38012U 11076F   18114.51971027  .00000008  00000-0  11473-4 0  9994
2 38012  98.2016 190.1401 0001611  71.0364 289.1013 14.58548158338241
ZIYUAN 1-02C (ZY 1-02C) 
1 38038U 11079A   18114.36433526  .00000030  00000-0  25027-4 0  9990
2 38038  98.2981 172.3926 0000783  67.3215 292.8054 14.35470453332142
ZIYUAN 3 (ZY 3)         
1 38046U 12001A   18114.58184576  .00001138  00000-0  54033-4 0  9996
2 38046  97.4965 186.1720 0003655  70.2149  67.3307 15.21296000349299
RISAT-1                 
1 38248U 12017A   18114.56268074  .00000991  00000-0  65833-4 0  9997
2 38248  97.5744 123.3361 0005814  63.4466  49.8036 15.09487672330206
ARIRANG-3 (KOMPSAT-3)   
1 38338U 12025B   18114.55364277  .00000079  00000-0  25338-4 0  9990
2 38338  98.1704  53.3683 0011560  76.3107 283.9383 14.61641300316665
KANOPUS-V 1             
1 38707U 12039A   18114.55207352  .00000394  00000-0  22159-4 0  9993
2 38707  97.4541  33.7892 0001757  76.2088  49.0121 15.18832786319357
EXACTVIEW-1 (ADS-1B)    
1 38709U 12039C   18114.40654566 -.00000027  00000-0  90443-5 0  9998
2 38709  99.1330 107.2957 0012095  80.1143 280.1403 14.23970429299121
SPOT 6                  
1 38755U 12047A   18114.53655716  .00000599  00000-0  13866-3 0  9995
2 38755  98.1779 182.8322 0001286  77.8256 282.3086 14.58564862299322
PLEIADES 1B             
1 39019U 12068A   18114.55407242  .00001090  00000-0  24400-3 0  9996
2 39019  98.1668 190.1561 0001550  87.8451 272.2896 14.58592974287107
GOKTURK 2               
1 39030U 12073A   18114.57807982  .00000043  00000-0  14368-4 0  9992
2 39030  97.9611   6.7877 0002391 112.1389 248.0066 14.72708039286389
LANDSAT 8               
1 39084U 13008A   18114.23076444  .00000034  00000-0  17485-4 0  9997
2 39084  98.1845 185.1004 0001291  98.1709 261.9636 14.57120861276358
SARAL                   
1 39086U 13009A   18113.89285347 -.00000008  00000-0  13109-4 0  9996
2 39086  98.5410 301.6305 0002173  73.5344 286.6078 14.32012831269573
GAOFEN 1                
1 39150U 13018A   18114.50978174  .00000074  00000-0  17899-4 0  9996
2 39150  97.9265 198.1167 0020145 129.2529 231.0470 14.76515496269184
VNREDSAT 1              
1 39160U 13021B   18114.52441584 -.00000026  00000-0  39341-5 0  9998
2 39160  98.0470 188.3842 0001527  70.8760 289.2627 14.62986871265120
ARIRANG-5 (KOMPSAT-5)   
1 39227U 13042A   18114.52305500 -.00000299  00000-0 -17031-4 0  9996
2 39227  97.6133 299.7988 0001948 110.7148 310.9053 15.04519311256509
YAOGAN 18               
1 39363U 13059A   18114.52998464  .00000901  00000-0  47577-4 0  9998
2 39363  97.3504 180.0925 0001900 109.0145   1.7266 15.17963244248557
SKYSAT-1                
1 39418U 13066C   18114.23615187  .00000283  00000-0  28402-4 0  9992
2 39418  97.6734 198.1073 0020706 321.9269  38.0509 14.98650274241669
DUBAISAT-2              
1 39419U 13066D   18114.55180725  .00000558  00000-0  57783-4 0  9992
2 39419  97.6405 184.5268 0012683 314.8647  45.1553 14.93826398240985
GPM-CORE                
1 39574U 14009C   18113.89314306  .00003104  00000-0  48477-4 0  9992
2 39574  65.0086 303.2704 0011232 283.3235  76.6659 15.56027302235841
SENTINEL-1A             
1 39634U 14016A   18114.36733621 -.00000138  00000-0 -19600-4 0  9997
2 39634  98.1822 122.5525 0001451  69.4821 290.6534 14.59196725216074
KAZEOSAT 1              
1 39731U 14024A   18114.55343369  .00000014  00000-0  17305-4 0  9992
2 39731  98.3883 193.9663 0001183  85.5619 274.5709 14.42024219209765
ALOS-2                  
1 39766U 14029A   18114.49662109  .00000144  00000-0  26121-4 0  9994
2 39766  97.9195 212.3520 0001507  84.0976 276.0416 14.79472579211639
KAZEOSAT 2              
1 40010U 14033A   18114.56681192  .00000086  00000-0  17421-4 0  9992
2 40010  97.8724  16.5677 0016360 348.2471  11.8359 14.82112313208060
HODOYOSHI-4             
1 40011U 14033B   18114.56725393  .00000166  00000-0  28143-4 0  9997
2 40011  97.8584  12.1214 0026626 342.0422  17.9847 14.80993779207843
DEIMOS-2                
1 40013U 14033D   18114.57531158 -.00000490  00000-0 -51479-4 0  9994
2 40013  97.8663  19.9325 0002497  63.9891 296.1589 14.84818848208415
HODOYOSHI-3             
1 40015U 14033F   18114.19608609  .00000113  00000-0  22467-4 0  9995
2 40015  97.8406   4.8821 0036907 351.6830   8.3764 14.78366838207427
SPOT 7                  
1 40053U 14034A   18114.50231450  .00000012  00000-0  12338-4 0  9993
2 40053  98.1910 182.8489 0001390  88.8766 271.2591 14.58547621203250
SKYSAT-2                
1 40072U 14037D   18114.38500196  .00000098  00000-0  20093-4 0  9990
2 40072  98.3638 243.3808 0006970 124.7486 235.4399 14.81082005205049
WORLDVIEW-3 (WV-3)      
1 40115U 14048A   18114.24226829  .00000055  00000-0  12670-4 0  9998
2 40115  97.8405 195.2102 0001495  58.0080 302.1264 14.85011356200268
YAOGAN 21               
1 40143U 14053A   18114.51647191  .00001404  00000-0  59050-4 0  9996
2 40143  97.2737 184.5824 0012324 166.6381 308.7255 15.24962506201849
YAOGAN 22               
1 40275U 14063A   18114.54010746 -.00000044  00000-0  00000+0 0  9992
2 40275 100.4313 227.8513 0006923  87.4091 272.7816 13.15327111168574
ASNARO                  
1 40298U 14070A   18114.49326574  .00001631  00000-0  79962-4 0  9998
2 40298  97.4672 197.5245 0002004  97.6747  25.7866 15.19545719192136
HODOYOSHI-1             
1 40299U 14070B   18114.51731576  .00001030  00000-0  46900-4 0  9993
2 40299  97.3777 197.2375 0014797  80.7140  44.7959 15.22835721192318
QSAT-EOS                
1 40301U 14070D   18114.51028913  .00002707  00000-0  11155-3 0  9996
2 40301  97.3598 194.4267 0028307  82.1841  43.3110 15.24591234192244
YAOGAN 23               
1 40305U 14071A   18114.55591171  .00001010  00000-0  52988-4 0  9992
2 40305  97.4563  52.3029 0001516  86.1457 328.1899 15.17980070190663
YAOGAN 24               
1 40310U 14072A   18114.33726733  .00000121  00000-0  24485-4 0  9992
2 40310  98.0332 237.7526 0017888 144.1466 216.0951 14.77202305184654
CBERS 4                 
1 40336U 14079A   18114.50593426 -.00000001  00000-0  14522-4 0  9996
2 40336  98.4165 187.3990 0001124 101.6615 258.4698 14.35481514177076
RESURS P2               
1 40360U 14087A   18114.50209373  .00001232  00000-0  41568-4 0  9993
2 40360  97.2664 207.7171 0011341 110.4548  20.3786 15.32546319186052
YAOGAN 26               
1 40362U 14088A   18114.53378483  .00001725  00000-0  68461-4 0  9996
2 40362  97.3244 193.1624 0003850 278.8674 205.9550 15.26679026185251
SMAP                    
1 40376U 15003A   18114.43118649  .00000020  00000-0  12976-4 0  9991
2 40376  98.1227 122.5470 0000592  42.1009 318.0243 14.63380416172416
KOMPSAT-3A              
1 40536U 15014A   18114.54239530  .00000729  00000-0  45803-4 0  9997
2 40536  97.5127  53.6460 0009999   1.5378  57.1986 15.12298341170106
SENTINEL-2A             
1 40697U 15028A   18114.36837372 -.00000069  00000-0 -96308-5 0  9994
2 40697  98.5689 189.8600 0001258  85.5036 274.6290 14.30815763148199
CARBONITE 1 (CBNT-1)    
1 40718U 15032D   18114.48152254  .00000045  00000-0  14359-4 0  9992
2 40718  97.9351   5.8486 0015760 214.7257 145.2926 14.74594708150121
YAOGAN 27               
1 40878U 15040A   18114.32840537 -.00000044  00000-0  00000+0 0  9992
2 40878 100.3477 173.9930 0008157 216.7070 143.3482 13.15958905127749
LAPAN-A2                
1 40931U 15052B   18111.99623529  .00000638  00000-0 -26985-6 0  9991
2 40931   5.9989 190.8046 0013778 296.3879  63.5174 14.76571525138682
YAOGAN 28               
1 41026U 15064A   18114.54178994  .00001802  00000-0  64553-4 0  9999
2 41026  97.3514 243.4865 0008945 303.7784 186.5952 15.30037575137366
YAOGAN 29               
1 41038U 15069A   18114.37894219  .00000029  00000-0  10622-4 0  9991
2 41038  97.9356  97.4090 0000832  67.1970 292.9353 14.80358256130121
KENT RIDGE 1            
1 41167U 15077B   18114.53837631  .00000814  00000-0  97501-5 0  9990
2 41167  14.9748  75.8908 0011458 331.8447 161.4714 15.08881938130032
TELEOS 1                
1 41169U 15077D   18114.10768293  .00001397  00000-0  44143-4 0  9992
2 41169  14.9754  74.1063 0010774 331.7337 119.4023 15.09837482130012
JASON-3                 
1 41240U 16002A   18113.90877542 -.00000053  00000-0  35577-4 0  9996
2 41240  66.0402 196.7680 0008101 271.0963  88.9124 12.80929272105949
SENTINEL-3A             
1 41335U 16011A   18114.53576989  .00000005  00000-0  20265-4 0  9996
2 41335  98.6278 182.5278 0001034  95.6088 264.5210 14.26735939113751
SENTINEL-1B             
1 41456U 16025A   18114.53827842 -.00000130  00000-0 -17876-4 0  9997
2 41456  98.1824 122.5465 0001445  73.3383 286.7981 14.59196969106265
ZIYUAN 3-2 (ZY 3-2)     
1 41556U 16033A   18114.50217466  .00001034  00000-0  49312-4 0  9991
2 41556  97.4312 192.9985 0001746  96.1434  29.6429 15.21304827105570
NUSAT-1 (FRESCO)        
1 41557U 16033B   18114.41077847  .00001561  00000-0  59417-4 0  9991
2 41557  97.4370 198.7295 0013466 354.8808   5.2291 15.28209469105945
NUSAT-2 (BATATA)        
1 41558U 16033C   18114.41261758  .00001530  00000-0  58617-4 0  9995
2 41558  97.4398 198.8199 0012887 354.0800   6.0285 15.28041734105930
CARTOSAT-2C             
1 41599U 16040A   18114.48344523  .00000875  00000-0  44586-4 0  9998
2 41599  97.4146 176.5723 0015430  71.0722  54.0842 15.19270816101919
SKYSAT-C1               
1 41601U 16040C   18114.55733220  .00000883  00000-0  40914-4 0  9996
2 41601  97.5726 188.1272 0001857  84.0838  26.9284 15.22765299102115
LAPAN-A3                
1 41603U 16040E   18114.47754977  .00000289  00000-0  16760-4 0  9993
2 41603  97.4160 176.9604 0015178  69.8794  46.3575 15.19544576101921
BIROS                   
1 41604U 16040F   18113.69631099  .00000613  00000-0  30448-4 0  9996
2 41604  97.4184 177.3972 0014065  65.3687 294.9012 15.21304425101889
SKYSAT-C4               
1 41771U 16058B   18114.25118250  .00000910  00000-0  41828-4 0  9996
2 41771  97.3552 186.5795 0002004  91.3292 306.5784 15.22826799 89018
SKYSAT-C5               
1 41772U 16058C   18114.47660741  .00000966  00000-0  44105-4 0  9990
2 41772  97.3533 186.5403 0002667  90.6432  29.9884 15.22927787 89035
SKYSAT-C2               
1 41773U 16058D   18114.42553505  .00000977  00000-0  44647-4 0  9998
2 41773  97.3574 186.8190 0002151  77.0950 340.6219 15.22867666 89033
SKYSAT-C3               
1 41774U 16058E   18114.23780351  .00000760  00000-0  35376-4 0  9998
2 41774  97.3560 186.6030 0001947  81.3645 314.5365 15.22898292 89009
ALSAT 1B                
1 41785U 16059C   18114.49468841  .00000017  00000-0  12675-4 0  9998
2 41785  98.1202 177.1952 0029847 262.7348  97.0465 14.63282296 84100
PATHFINDER 1            
1 41787U 16059E   18114.24678036  .00000090  00000-0  26498-4 0  9991
2 41787  98.1213 177.2742 0029431 262.9169  96.8684 14.63593633 84081
WORLDVIEW-4 (WV-4)      
1 41848U 16067A   18114.20743569  .00000084  00000-0  16253-4 0  9999
2 41848  97.9137 191.7331 0003846 107.9040 252.2594 14.84957426 78419
GOKTURK 1A              
1 41875U 16073A   18114.47129543  .00000052  00000-0  19393-4 0  9998
2 41875  98.1237  10.0049 0001592  70.3625 289.7746 14.62778128 73808
RESOURCESAT-2A          
1 41877U 16074A   18114.56531240  .00000009  00000-0  23719-4 0  9991
2 41877  98.6728 190.4609 0001846 106.5968 253.5410 14.21646269 71528
CARTOSAT-2D             
1 41948U 17008A   18114.49383382  .00000557  00000-0  29623-4 0  9990
2 41948  97.4500 176.9490 0006181 199.2286 160.8716 15.19273302 65780
SENTINEL-2B             
1 42063U 17013A   18114.33336964  .00000011  00000-0  20692-4 0  9994
2 42063  98.5690 189.8166 0001176  85.6379 274.4943 14.30816938 59107
ZHUHAI-1 02 (CAS 4B)    
1 42759U 17034B   18114.20824933  .00000569  00000-0  48693-4 0  9992
2 42759  43.0203  19.5893 0007563 130.8199   5.6809 15.09258742 47291
NUSAT-3 (MILANESAT)     
1 42760U 17034C   18114.25017111  .00000299  00000-0  32112-4 0  9990
2 42760  43.0190  19.8448 0006718 140.9445   2.6319 15.09103063 47304
ZHUHAI-1 01 (CAS 4A)    
1 42761U 17034D   18114.26063615  .00000554  00000-0  47666-4 0  9996
2 42761  43.0198  19.1054 0007905 133.8994  12.2276 15.09334502 47299
CARTOSAT-2E             
1 42767U 17036C   18113.91069075  .00000520  00000-0  27875-4 0  9994
2 42767  97.4053 173.6511 0007420 256.3669 103.6739 15.19263804 46266
FORMOSAT-5              
1 42920U 17049A   18114.46662160 -.00000008  00000-0  93712-5 0  9990
2 42920  98.3622 191.0654 0009587 208.6636 151.4037 14.50801000 35193
SENTINEL-5P             
1 42969U 17064A   18113.91320582 -.00000011  00000-0  15490-4 0  9998
2 42969  98.7341  54.3561 0001155  79.4379 280.6927 14.19564873 27303
SKYSAT-C11              
1 42987U 17068A   18114.50620359  .00000662  00000-0  32744-4 0  9995
2 42987  97.3961 229.4006 0008535 255.1294 104.8996 15.21215207 26505
SKYSAT-C10              
1 42988U 17068B   18114.56291047  .00000662  00000-0  32659-4 0  9995
2 42988  97.3964 229.3611 0003093 273.7523  86.3359 15.21297071 26512
SKYSAT-C9               
1 42989U 17068C   18114.55260181  .00000664  00000-0  32825-4 0  9997
2 42989  97.3979 229.7124 0001726 338.9091  21.2073 15.21205342 26530
SKYSAT-C8               
1 42990U 17068D   18114.54143834  .00000655  00000-0  32358-4 0  9994
2 42990  97.3981 229.5820 0004436 319.0665  41.0237 15.21264821 26522
SKYSAT-C7               
1 42991U 17068E   18114.39656113  .00000667  00000-0  32934-4 0  9990
2 42991  97.3980 229.4644 0005286 334.6223  25.4753 15.21253217 26506
SKYSAT-C6               
1 42992U 17068F   18114.51940167  .00000652  00000-0  32202-4 0  9992
2 42992  97.3983 229.7603 0012158  18.2255 341.9414 15.21285423 26531
NUSAT-4 (ADA)           
1 43195U 18015D   18114.53823063  .00001750  00000-0  76962-4 0  9999
2 43195  97.3422 244.5834 0017337 346.6410 143.4343 15.23083486 12360
NUSAT-5 (MARYAM)        
1 43204U 18015K   18114.53764929  .00001858  00000-0  81483-4 0  9998
2 43204  97.3420 244.5853 0017420 346.2809 143.7479 15.23099125 11966
