SARSAT 7 (NOAA 15)      
1 25338U 98030A   18114.36865963  .00000039  00000-0  35009-4 0  9995
2 25338  98.7727 130.7564 0010953  29.7564 330.4237 14.25847727 37346
GPS BIIR-07             
1 26690U 01004A   18114.44780771  .00000048  00000-0  00000+0 0  9992
2 26690  53.1021 144.8161 0194542 260.0859 271.6599  2.00704550126255
METEOSAT-8 (MSG-1)      
1 27509U 02040B   18113.45629198  .00000122  00000-0  00000+0 0  9991
2 27509   5.3755  57.1683 0001992 344.2854  15.6500  1.00266587 57409
GPS BIIR-08             
1 27663U 03005A   18114.33035667 -.00000048  00000-0  00000+0 0  9992
2 27663  56.5720 332.7543 0099231  27.6222 151.8961  2.00570200111621
GPS BIIR-11             
1 28190U 04009A   18114.12099771 -.00000088  00000-0  00000+0 0  9990
2 28190  56.1517  33.6338 0096295  66.0508 111.6547  2.00559543103292
GPS BIIR-12             
1 28361U 04023A   18114.44190707 -.00000035  00000-0  00000+0 0  9994
2 28361  54.0651 207.2837 0124764 224.9680 102.2572  2.00576626101372
GPS BIIR-13             
1 28474U 04045A   18114.01827981  .00000008  00000-0  00000+0 0  9996
2 28474  54.4319  84.9232 0181151 253.3210 127.2073  2.00557603 98731
SARSAT 10 (NOAA 18)     
1 28654U 05018A   18114.40821958 -.00000007  00000-0  21384-4 0  9991
2 28654  99.1508 148.7515 0013231 278.7397  81.2275 14.12373399666187
GPS BIIR-14M            
1 28874U 05038A   18114.25103611 -.00000091  00000-0  00000+0 0  9999
2 28874  56.2953  30.9323 0126012 258.3997  31.4806  2.00578571 92149
METEOSAT-9 (MSG-2)      
1 28912U 05049B   18114.26239949 -.00000001  00000-0  00000+0 0  9990
2 28912   2.8175  71.6474 0001505 298.4808 299.9789  1.00276456 45234
GOES 13                 
1 29155U 06018A   18113.57919459 -.00000306  00000-0  00000+0 0  9999
2 29155   0.2783 274.5420 0007143 134.6662 310.8503  1.00280503 43670
SARSAT 11 (METOP-A)     
1 29499U 06044A   18113.92356661 -.00000002  00000-0  18827-4 0  9992
2 29499  98.6323 172.6109 0001461  59.0290  57.7637 14.21519243597287
GPS BIIR-16M            
1 29601U 06052A   18114.39458231 -.00000046  00000-0  00000+0 0  9991
2 29601  56.5473 331.6691 0069875  54.0359 306.6484  2.00571900 83770
GPS BIIR-17M            
1 32260U 07047A   18114.21158706 -.00000032  00000-0  00000+0 0  9991
2 32260  53.1893 203.3636 0100738  37.7024 323.0296  2.00556890 77159
GPS BIIR-18M            
1 32384U 07062A   18114.15622741 -.00000090  00000-0  00000+0 0  9997
2 32384  56.3677  31.5408 0005230  42.6223  51.6377  2.00560114 75882
SARSAT 12 (NOAA 19)     
1 33591U 09005A   18114.43847565  .00000120  00000-0  90430-4 0  9995
2 33591  99.1378  91.4114 0014916 115.8413 244.4298 14.12272292474598
GOES 14                 
1 35491U 09033A   18113.70150657 -.00000116  00000-0  00000+0 0  9990
2 35491   0.1507 105.4806 0006262 134.3510 120.1025  1.00271610 32312
GOES 15                 
1 36411U 10008A   18113.78793105  .00000068  00000-0  00000+0 0  9991
2 36411   0.1251 104.8288 0000460  74.5109 180.6564  1.00267869 29845
GLONASS-K 1             
1 37372U 11009A   18113.84889703 -.00000039  00000-0  00000-0 0  9997
2 37372  65.5543  54.1418 0008457 245.6821  44.4404  2.13107650 55664
GPS BIIF-2              
1 37753U 11036A   18114.47040270  .00000016  00000-0  00000+0 0  9991
2 37753  55.6324  88.3667 0075189  33.8534  75.5531  2.00563915 49589
GSAT0101 (GALILEO-PFM)  
1 37846U 11060A   18114.10444711 -.00000044  00000-0  00000+0 0  9991
2 37846  56.0682  63.0233 0005392 334.2678  25.6738  1.70473280 40519
GSAT0102 (GALILEO-FM2)  
1 37847U 11060B   18113.73799281 -.00000042  00000-0  00000+0 0  9993
2 37847  56.0686  63.0327 0006418 318.1784 222.8828  1.70475690 40504
LUCH 5A                 
1 37951U 11074B   18114.58587615 -.00000068  00000-0  00000+0 0  9992
2 37951   1.7925 153.1152 0004247 221.5499 215.7176  1.00271640 23351
METEOSAT-10 (MSG-3)     
1 38552U 12035B   18113.38627653  .00000043  00000-0  00000+0 0  9994
2 38552   0.9271  30.4853 0000360   1.4260 328.0872  1.00280444 21375
SARSAT 13 (METOP-B)     
1 38771U 12049A   18113.96705069 -.00000011  00000-0  15004-4 0  9995
2 38771  98.6773 174.3208 0002305  89.2206  38.9285 14.21500785290436
GPS BIIF-3              
1 38833U 12053A   18114.30582933 -.00000024  00000-0  00000+0 0  9990
2 38833  53.9741 265.7278 0068033  29.5769 330.7763  2.00565884 40653
GSAT0103 (GALILEO-FM3)  
1 38857U 12055A   18114.14550026  .00000003  00000-0  00000+0 0  9994
2 38857  54.9047 183.4318 0004536 250.6362 109.3759  1.70473661 34435
GSAT0104 (GALILEO-FM4)  
1 38858U 12055B   18112.90658255  .00000005  00000-0  00000+0 0  9992
2 38858  54.9054 183.4653 0003396 252.9115 107.1138  1.70473639 34353
GPS BIIF-4              
1 39166U 13023A   18114.16201210 -.00000093  00000-0  00000+0 0  9994
2 39166  55.9940  27.8494 0057702  20.6579 339.5827  2.00562930 36185
INSAT-3D                
1 39216U 13038B   18114.18261239 -.00000179  00000-0  00000+0 0  9990
2 39216   0.0809 102.4250 0001336 291.5687 326.0101  1.00270334 17466
GPS BIIF-5              
1 39533U 14008A   18114.16031642 -.00000019  00000-0  00000+0 0  9994
2 39533  54.1205 271.0756 0033026 185.5875 174.3499  2.00554555 30543
LUCH 5V                 
1 39727U 14023A   18113.98616837 -.00000295  00000-0  00000-0 0  9997
2 39727   2.0851 299.3235 0003428 100.3720 262.0183  1.00272338532681
GPS BIIF-6              
1 39741U 14026A   18113.94368526  .00000018  00000-0  00000+0 0  9992
2 39741  55.6161  87.9103 0014238 291.9056  67.9313  2.00570807 28826
GPS BIIF-7              
1 40105U 14045A   18114.03623804 -.00000033  00000-0  00000+0 0  9991
2 40105  54.5906 207.3757 0007971 109.7318 250.3790  2.00567310 27273
GSAT0201 (GALILEO 5)    
1 40128U 14050A   18113.52896922 -.00000095  00000-0  00000+0 0  9996
2 40128  50.4557  32.7801 1647631  73.8871 303.5341  1.85518283 25036
GSAT0202 (GALILEO 6)    
1 40129U 14050B   18113.79556536 -.00000097  00000-0  00000-0 0  9993
2 40129  50.5055  31.7774 1647979  74.8300 302.7083  1.85518869 25261
GPS BIIF-8              
1 40294U 14068A   18113.90378345  .00000046  00000-0  00000+0 0  9990
2 40294  55.0567 148.1365 0012274  15.1173 344.9836  2.00551683 25498
GLONASS-K 2             
1 40315U 14075A   18114.49554122  .00000014  00000-0  00000+0 0  9991
2 40315  64.2501 294.4151 0014323 203.6609 337.9829  2.13098573 26443
GPS BIIF-9              
1 40534U 15013A   18114.04195142 -.00000044  00000-0  00000+0 0  9995
2 40534  54.7839 327.0594 0027789   1.5462 358.4949  2.00566836 22568
GSAT0203 (GALILEO 7)    
1 40544U 15017A   18113.88269311 -.00000043  00000-0  00000-0 0  9991
2 40544  55.8581  63.2746 0003919 280.7885  79.1367  1.70474802 18464
GSAT0204 (GALILEO 8)    
1 40545U 15017B   18113.66539269 -.00000041  00000-0  00000+0 0  9997
2 40545  55.8644  63.2930 0001470 289.7828  70.1713  1.70475200 19129
GPS BIIF-10             
1 40730U 15033A   18114.20871091 -.00000094  00000-0  00000+0 0  9992
2 40730  55.5250  27.3784 0036001 329.7035  30.0982  2.00577674 20325
METEOSAT-11 (MSG-4)     
1 40732U 15034A   18114.01684053 -.00000025  00000-0  00000+0 0  9998
2 40732   1.3617 217.6047 0001306 151.9076 208.3401  1.00274773 10204
GSAT0205 (GALILEO 9)    
1 40889U 15045A   18112.73468779 -.00000017  00000-0  00000+0 0  9996
2 40889  56.7821 303.6820 0003843  37.6081 322.4204  1.70474733 16252
GSAT0206 (GALILEO 10)   
1 40890U 15045B   18113.54109512 -.00000019  00000-0  00000-0 0  9998
2 40890  56.7808 303.6570 0002351  52.5224 307.5015  1.70474800 16292
GPS BIIF-11             
1 41019U 15062A   18114.25529389  .00000049  00000-0  00000+0 0  9999
2 41019  55.0626 147.9234 0035649 205.5436 154.3442  2.00564230 18142
GSAT0209 (GALILEO 12)   
1 41174U 15079A   18114.29889420  .00000003  00000-0  00000+0 0  9998
2 41174  54.9181 183.1184 0005621 289.2998  70.7012  1.70474018 14626
GSAT0208 (GALILEO 11)   
1 41175U 15079B   18113.34562042  .00000004  00000-0  00000+0 0  9993
2 41175  54.9161 183.1452 0004701 287.3013  72.7092  1.70474027 14617
GPS BIIF-12             
1 41328U 16007A   18113.84420771 -.00000032  00000-0  00000+0 0  9994
2 41328  54.8421 207.6583 0021294 216.1902 143.6906  2.00565126 16197
GSAT0211 (GALILEO 14)   
1 41549U 16030A   18113.46716374 -.00000018  00000-0  00000-0 0  9995
2 41549  56.9207 303.4356 0001368 346.3395  13.6590  1.70474532 11929
GSAT0210 (GALILEO 13)   
1 41550U 16030B   18112.58719553 -.00000016  00000-0  00000-0 0  9999
2 41550  56.9209 303.4614 0000549 216.9396 143.0578  1.70474576 11903
GSAT0207 (GALILEO 15)   
1 41859U 16069A   18114.00579186  .00000002  00000-0  00000+0 0  9991
2 41859  54.5767 183.6868 0005464 278.0098  81.9889  1.70473867  8897
GSAT0212 (GALILEO 16)   
1 41860U 16069B   18113.85918476  .00000002  00000-0  00000+0 0  9994
2 41860  54.5744 183.6914 0004259 291.8915  68.1239  1.70473750  8918
GSAT0213 (GALILEO 17)   
1 41861U 16069C   18113.05241229  .00000003  00000-0  00000-0 0  9994
2 41861  54.5766 183.7162 0004660 258.1294 101.8801  1.70473934  8904
GSAT0214 (GALILEO 18)   
1 41862U 16069D   18113.19915176  .00000003  00000-0  00000+0 0  9998
2 41862  54.5749 183.7086 0003889 260.9247  99.0927  1.70473936  8899
GOES 16                 
1 41866U 16071A   18113.62107755 -.00000271  00000-0  00000+0 0  9997
2 41866   0.0033 237.6523 0001060 167.1035 315.2528  1.00269302  5263
