AOR-E (EGNOS/PRN 120)   
1 24307U 96053A   15226.28297841 -.00000148  00000-0  00000+0 0  9999
2 24307   1.2612  81.2516 0006467  51.6786 275.8174  1.00271463 69316
ARTEMIS (EGNOS/PRN 124) 
1 26863U 01029A   15222.72874492  .00000084  00000-0  00000+0 0  9993
2 26863  11.9117  40.4073 0003582 163.1880  39.0270  1.00271489 52651
MTSAT-1R (MSAS/PRN 129) 
1 28622U 05006A   15226.44569747 -.00000305  00000-0  00000+0 0  9991
2 28622   0.3078  88.6435 0001747  43.7791 130.5419  1.00271062 38300
CRE (WAAS/PRN 138)      
1 28868U 05036A   15225.56744022 -.00000099  00000-0  00000+0 0  9999
2 28868   0.0139   6.9090 0001878  90.9345 320.7792  1.00271798 36447
CRW (WAAS/PRN 135)      
1 28884U 05041A   15226.23566956  .00000055  00000-0  00000+0 0  9997
2 28884   0.0426 279.8837 0000959 251.8875 102.3762  1.00271299 35928
IOR-W (EGNOS/PRN 126)   
1 28899U 05044A   15225.05264162  .00000112  00000-0  00000+0 0  9993
2 28899   2.4490   2.2580 0002628 154.5898 208.3475  1.00274659 35788
MTSAT-2 (MSAS/PRN 137)  
1 28937U 06004A   15225.48972872 -.00000269  00000-0  00000+0 0  9998
2 28937   0.0396 268.2318 0003404 224.7137 149.9034  1.00270037 34643
AMR (WAAS/PRN 133)      
1 33278U 08039A   15226.23432478 -.00000159  00000-0  00000+0 0  9997
2 33278   3.0179 354.8458 0002925 157.9193 155.9368  1.00271827 25557
QZS-1 (QZSS/PRN 183)    
1 37158U 10045A   15226.46102892 -.00000216  00000-0  00000+0 0  9991
2 37158  40.6307 169.1350 0753531 270.2380 187.3139  1.00266290 18015
GSAT-8 (GAGAN/PRN 127)  
1 37605U 11022A   15225.79391517  .00000060  00000-0  00000+0 0  9999
2 37605   0.0608 261.9299 0004314 358.5134  42.2777  1.00272775 15529
LUCH 5A (SDCM/PRN 140)  
1 37951U 11074B   15226.82978161 -.00000070  00000-0  00000+0 0  9993
2 37951   2.1567 233.2230 0003776 271.3605 283.9553  1.00271897 13486
SES-5 (EGNOS/PRN 136)   
1 38652U 12036A   15226.10690804  .00000010  00000-0  00000+0 0  9990
2 38652   0.0782 269.7377 0002465 221.4211 234.5070  1.00274784 11369
GSAT-10 (GAGAN/PRN 128) 
1 38779U 12051B   15226.81084280 -.00000188  00000-0  00000+0 0  9997
2 38779   0.0615 263.3138 0003209 321.8376 112.6554  1.00271908 10584
LUCH 5B (SDCM/PRN 125)  
1 38977U 12061A   15226.35785350 -.00000152  00000-0  00000+0 0  9994
2 38977   2.1915  80.5201 0004335  97.4606 257.1321  1.00272637 10467
ASTRA 5B (EGNOS/PRN 123)
1 39617U 14011B   15226.64440480  .00000131  00000-0  00000+0 0  9993
2 39617   0.0501 302.8819 0002429 215.5782  67.7436  1.00271637  5164
LUCH 5V (SDCM/PRN 141)  
1 39727U 14023A   15226.90921638 -.00000289  00000-0  00000+0 0  9991
2 39727   3.9666 300.8350 0002946 227.2170 216.9396  1.00268742522826
