ISS (ZARYA)             
1 25544U 98067A   15226.82376793  .00010724  00000-0  16258-3 0  9990
2 25544  51.6448 151.2642 0001394  70.1483  34.0905 15.55201257957163
TIANGONG 1              
1 37820U 11053A   15226.56156188  .00015549  00000-0  16688-3 0  9992
2 37820  42.7664 286.1018 0012421  66.6547  77.5818 15.63464602222459
SPINSAT                 
1 40314U 98067FL  15226.85888290  .00012325  00000-0  14126-3 0  9996
2 40314  51.6411 145.6956 0004813 333.9310  26.1442 15.62525957 91833
FLOCK 1B-27             
1 40422U 98067FN  15226.80296868  .00075744  00000-0  38445-3 0  9999
2 40422  51.6384 135.3670 0003679 311.9195  88.9102 15.80797894 35330
FLOCK 1B-28             
1 40423U 98067FP  15219.24788283  .05567779  12028-4  14293-2 0  9997
2 40423  51.6133 170.3484 0007348 241.2767 118.7501 16.27910103 34192
FLOCK 1B-21             
1 40427U 98067FQ  15226.80751941  .00082185  00000-0  41343-3 0  9990
2 40427  51.6339 135.2693 0001824 339.6158 125.3382 15.80966216 35360
FLOCK 1B-22             
1 40428U 98067FR  15225.88286220  .00206903  00000-0  10566-2 0  9999
2 40428  51.6385 141.0902 0002523 332.7270 141.8235 15.80209471 35202
FLOCK 1B-10             
1 40429U 98067FS  15226.85344487  .00721678  23849-3  16173-2 0  9998
2 40429  51.6298 133.2348 0001792 126.7032 346.0981 15.97173178 35363
FLOCK 1D-1              
1 40451U 98067FU  15226.77112012  .00109891  00000-0  53102-3 0  9993
2 40451  51.6340 135.9238 0003046 351.9558  42.2505 15.81717443 35338
FLOCK 1D-2              
1 40452U 98067FV  15226.81072454  .00048292  00000-0  39546-3 0  9997
2 40452  51.6412 142.2745 0005192 357.8417  41.6903 15.70003681 35252
FLOCK 1B-5              
1 40453U 98067FW  15226.85436626  .01887869  32431-2  15989-2 0  9998
2 40453  51.6321 133.4820 0010314 243.3651 116.6164 16.13574925 35365
FLOCK 1B-6              
1 40454U 98067FX  15226.83139020  .00107033  00000-0  62576-3 0  9992
2 40454  51.6381 136.9464 0004121 334.5835 133.3687 15.77530594 35314
GEARRS-1                
1 40456U 98067FZ  15226.80794059  .00064307  00000-0  39575-3 0  9999
2 40456  51.6404 138.5986 0003379 310.3278  49.7427 15.76580898 35308
MICROMAS                
1 40457U 98067GA  15213.38588329  .08885032  12472-4  72013-3 0  9998
2 40457  51.6142 195.6182 0009646 310.7124  49.3640 16.38908268 33335
FLOCK 1B-11             
1 40459U 98067GC  15226.74994962  .00298063  00000-0  13014-2 0  9997
2 40459  51.6328 136.4014 0001552  16.9277  78.8590 15.83336536 35337
FLOCK 1B-12             
1 40460U 98067GD  15226.78018854  .00089340  00000-0  52875-3 0  9995
2 40460  51.6398 138.8891 0003409 339.9969 123.5061 15.77332905 35301
FLOCK 1E-2              
1 40722U 98067GE  15226.84221213  .00032442  00000-0  43379-3 0  9998
2 40722  51.6438 150.7728 0004844  33.9885   5.1245 15.57721143  4984
FLOCK 1E-1              
1 40723U 98067GF  15226.72312087  .00027360  00000-0  37123-3 0  9999
2 40723  51.6446 151.3830 0005927  36.7024  46.7184 15.57415565  4918
FLOCK 1E-4              
1 40724U 98067GG  15226.78357199  .00023606  00000-0  32509-3 0  9991
2 40724  51.6444 151.1540 0002017 314.1449  74.1941 15.57119134  4924
FLOCK 1E-3              
1 40725U 98067GH  15226.71913181  .00044953  00000-0  58761-3 0  9990
2 40725  51.6434 151.3582 0002681 294.1753 148.6544 15.58178367  4889
FLOCK 1E-7              
1 40726U 98067GJ  15226.78312427  .00040572  00000-0  54669-3 0  9990
2 40726  51.6417 151.1533 0005025  15.2791  12.8599 15.57404290  4770
FLOCK 1E-8              
1 40727U 98067GK  15226.78382527  .00030440  00000-0  41480-3 0  9999
2 40727  51.6439 151.1597 0004165  51.8657 336.1114 15.57249319  4769
FLOCK 1E-5              
1 40728U 98067GL  15226.78298458  .00023327  00000-0  31928-3 0  9991
2 40728  51.6399 151.1549 0004534  50.2787 336.3650 15.57284751  4776
FLOCK 1E-6              
1 40729U 98067GM  15226.78302839  .00040068  00000-0  53969-3 0  9991
2 40729  51.6424 151.1498 0005112  18.2416   9.9187 15.57419761  4785
FLOCK 1E-9              
1 40736U 98067GN  15225.24195756  .00027562  00000-0  37410-3 0  9994
2 40736  51.6435 158.9167 0002968  77.2613 282.9230 15.56971087  4621
FLOCK 1E-10             
1 40737U 98067GP  15226.86601426  .00019730  00000-0  27365-3 0  9996
2 40737  51.6365 150.7836 0003421  62.8665  46.6233 15.57047026  4771
FLOCK 1E-11             
1 40738U 98067GQ  15226.78010385  .00051498  00000-0  67709-3 0  9999
2 40738  51.6430 151.1378 0003436   3.4385  22.0808 15.57962206  4588
FLOCK 1E-12             
1 40739U 98067GR  15226.79754257  .00026998  00000-0  36988-3 0  9996
2 40739  51.6434 151.1005 0004309   9.0217  90.5286 15.57170782  4597
FLOCK 1E-13             
1 40740U 98067GS  15226.79775069  .00033703  00000-0  45775-3 0  9998
2 40740  51.6430 151.1037 0003876  55.4323  44.3644 15.57286234  4574
FLOCK 1E-14             
1 40741U 98067GT  15226.86524069  .00032557  00000-0  44464-3 0  9999
2 40741  51.6461 150.7816 0004512  56.9577  53.3135 15.57153027  4572
ARKYD-3R                
1 40742U 98067GU  15226.83815725  .00051886  00000-0  66705-3 0  9997
2 40742  51.6447 150.7475 0004288  90.2558 310.0825 15.58553066  4575
CENTENNIAL 1            
1 40743U 98067GV  15226.77712775  .00041834  00000-0  55284-3 0  9994
2 40743  51.6446 151.1204 0004399  87.8479 296.8014 15.57914164  4566
SOYUZ-TMA 17M           
1 40744U 15035A   15204.58592506  .00046589  00000-0  68003-3 0  9997
2 40744  51.6451 262.2726 0001334 294.5630 156.6060 15.55189487   119
