TDRS 3                  
1 19548U 88091B   15226.34929169 -.00000315  00000-0  00000+0 0  9991
2 19548  14.6645  15.3684 0033882 303.3624  67.1549  1.00278776 85662
HST                     
1 20580U 90037B   15226.89720321  .00001071  00000-0  57227-4 0  9998
2 20580  28.4697 126.9232 0003026 144.8387 307.0869 15.07615869188675
TDRS 5                  
1 21639U 91054B   15224.30958764  .00000068  00000-0  00000+0 0  9999
2 21639  13.8038  28.8490 0016476 335.3687 259.9140  1.00275263 87973
TDRS 6                  
1 22314U 93003B   15226.07259050 -.00000308  00000-0  00000+0 0  9992
2 22314  13.2794  31.6638 0001964 238.6026  32.3113  1.00273796 82664
TDRS 7                  
1 23613U 95035B   15226.58133803 -.00000215  00000-0  00000+0 0  9992
2 23613  14.5716  22.4956 0020467  27.6006 206.7792  1.00271778 73465
ISS (ZARYA)             
1 25544U 98067A   15226.82376793  .00010724  00000-0  16258-3 0  9990
2 25544  51.6448 151.2642 0001394  70.1483  34.0905 15.55201257957163
LANDSAT 7               
1 25682U 99020A   15226.78054692  .00000130  00000-0  38866-4 0  9999
2 25682  98.2155 295.9233 0000944  81.0761 279.0545 14.57109387868670
TERRA                   
1 25994U 99068A   15226.72489802  .00000122  00000-0  37136-4 0  9996
2 25994  98.2097 300.4619 0001126  86.3054 273.8270 14.57122047832741
TDRS 8                  
1 26388U 00034A   15225.77055706 -.00000249  00000-0  00000+0 0  9991
2 26388   6.3092  62.1692 0004104  91.7655 174.2721  1.00278942 55453
EO-1                    
1 26619U 00075A   15226.77321291  .00000487  00000-0  10143-3 0  9995
2 26619  97.9259 273.8088 0011140  79.2669 280.9747 14.64073416785136
TIMED                   
1 26998U 01055B   15226.15223932  .00000316  00000-0  38992-4 0  9993
2 26998  74.0703 213.9779 0000979 306.0863  54.0226 14.87398007741396
TDRS 9                  
1 27389U 02011A   15224.32848258 -.00000126  00000-0  00000+0 0  9996
2 27389   3.8607  89.4296 0012393 223.0289 114.0980  1.00272930 50717
AQUA                    
1 27424U 02022A   15226.22024949  .00000227  00000-0  60413-4 0  9992
2 27424  98.1977 166.2403 0002381  66.8806  69.1126 14.57116318706276
TDRS 10                 
1 27566U 02055A   15226.52863380  .00000060  00000-0  00000+0 0  9994
2 27566   3.8387  61.4868 0005190 191.0523  86.0332  1.00276629 46528
SORCE                   
1 27651U 03004A   15226.15526938  .00000562  00000-0  74652-4 0  9994
2 27651  39.9955 110.4774 0023869 194.2753 165.7363 14.87832898680481
AURA                    
1 28376U 04026A   15226.47465040  .00000220  00000-0  58805-4 0  9998
2 28376  98.1967 168.6508 0001687  74.4753 285.6631 14.57117250589369
SWIFT                   
1 28485U 04047A   15226.13451189  .00001785  00000-0  99751-4 0  9996
2 28485  20.5562 155.3371 0011817  25.4512 334.6502 15.02025862586802
THEMIS A                
1 30580U 07004A   15227.19713761 -.00000530  00000-0 -66393-1 0  9997
2 30580  13.2475 315.1928 8286128 287.6568   1.7133  1.00266326 30886
THEMIS D                
1 30797U 07004D   15225.22740769 -.00000120  00000-0  13896-1 0  9991
2 30797   7.7140 299.8449 8280239 303.2295   3.9370  1.00258734 30722
THEMIS E                
1 30798U 07004E   15226.23210319 -.00000143  00000-0  13006-1 0  9995
2 30798   8.8896 311.9488 8278839 292.3084   4.9708  1.00251825 30909
AIM                     
1 31304U 07015A   15226.86378920  .00002613  00000-0  17119-3 0  9997
2 31304  97.9297   7.1343 0004182 257.8304 102.2455 15.08651988453415
C/NOFS                  
1 32765U 08017A   15226.45528846  .00066276  00000-0  55619-3 0  9993
2 32765  12.9974 286.1690 0074762 233.4788 240.2024 15.64137032402080
FGRST (GLAST)           
1 33053U 08029A   15226.46154200  .00000889  00000-0  35715-4 0  9991
2 33053  25.5822 259.6132 0013069  65.1459 295.0434 15.10050543395487
WISE                    
1 36119U 09071A   15226.88198710  .00002094  00000-0  86028-4 0  9998
2 36119  97.5004 242.2611 0003743 138.0405 222.1120 15.25332953313671
TDRS 11                 
1 39070U 13004A   15226.23914219  .00000074  00000-0  00000+0 0  9994
2 39070   6.1855 329.7974 0008805 254.6599  12.9028  1.00265966  9273
TDRS 12                 
1 39504U 14004A   15226.36184009 -.00000288  00000-0  00000+0 0  9995
2 39504   6.6132 337.2582 0004007 228.8253 205.6071  1.00278341  5745
GPM-CORE                
1 39574U 14009C   15225.97341458  .00008287  00000-0  12236-3 0  9990
2 39574  65.0144  49.5044 0010920 277.5241  82.4664 15.55962304 82792
MMS 1                   
1 40482U 15011A   15226.74041638 -.00000190  00000-0  00000+0 0  9995
2 40482  28.9784  15.1609 8159703  47.0105 162.4624  1.00477386  1552
MMS 2                   
1 40483U 15011B   15226.74041638 -.00000190  00000-0  00000+0 0  9996
2 40483  29.0507  14.9286 8163992  47.3331 162.2508  1.00477462  1559
MMS 3                   
1 40484U 15011C   15226.74041638 -.00000189  00000-0  00000+0 0  9995
2 40484  28.9876  15.1107 8146849  47.2146 162.0033  1.00477467  1553
MMS 4                   
1 40485U 15011D   15226.74041638 -.00000190  00000-0  00000+0 0  9998
2 40485  29.0142  15.1743 8173497  47.1894 161.9432  1.00477046  1550
