NOAA 15                 
1 25338U 98030A   18114.36865963  .00000039  00000-0  35009-4 0  9995
2 25338  98.7727 130.7564 0010953  29.7564 330.4237 14.25847727 37346
METEOSAT-8 (MSG-1)      
1 27509U 02040B   18113.45629198  .00000122  00000-0  00000+0 0  9991
2 27509   5.3755  57.1683 0001992 344.2854  15.6500  1.00266587 57409
NOAA 18                 
1 28654U 05018A   18114.40821958 -.00000007  00000-0  21384-4 0  9991
2 28654  99.1508 148.7515 0013231 278.7397  81.2275 14.12373399666187
METEOSAT-9 (MSG-2)      
1 28912U 05049B   18114.26239949 -.00000001  00000-0  00000+0 0  9990
2 28912   2.8175  71.6474 0001505 298.4808 299.9789  1.00276456 45234
HIMAWARI-7 (MTSAT-2)    
1 28937U 06004A   18113.86304112 -.00000265  00000-0  00000+0 0  9991
2 28937   0.0309 108.7012 0003825 297.6942 261.1614  1.00273695 44506
FORMOSAT-3 FM6          
1 29047U 06011A   18113.87310508  .00000040  00000-0  32141-4 0  9995
2 29047  71.9783 273.2209 0050879 335.1417  24.7269 14.28632430629120
FORMOSAT-3 FM1          
1 29048U 06011B   18114.21570175  .00000065  00000-0  42025-4 0  9992
2 29048  71.9672 184.3351 0045634 291.2828  68.3438 14.28567751631666
FORMOSAT-3 FM5          
1 29049U 06011C   18114.12034400  .00000076  00000-0  46389-4 0  9998
2 29049  72.0214 351.7415 0035858 324.2666  35.6071 14.28638604627432
FORMOSAT-3 FM3          
1 29050U 06011D   18113.69939767  .00000147  00000-0  41572-4 0  9999
2 29050  72.0167 218.8188 0051400 311.2975  48.3757 14.58652797641846
FORMOSAT-3 FM4          
1 29051U 06011E   18113.85581473  .00000116  00000-0  60997-4 0  9993
2 29051  72.0054 255.7912 0069080 204.4524 155.3332 14.28667009629981
FORMOSAT-3 FM2          
1 29052U 06011F   18113.90947449  .00000065  00000-0  41817-4 0  9992
2 29052  72.0345 327.5575 0041647 287.4914  72.1673 14.28761201627498
GOES 13                 
1 29155U 06018A   18113.57919459 -.00000306  00000-0  00000+0 0  9999
2 29155   0.2783 274.5420 0007143 134.6662 310.8503  1.00280503 43670
METOP-A                 
1 29499U 06044A   18113.92356661 -.00000002  00000-0  18827-4 0  9992
2 29499  98.6323 172.6109 0001461  59.0290  57.7637 14.21519243597287
FENGYUN 2D              
1 29640U 06053A   18114.59285829 -.00000381  00000-0  10000-3 0  9995
2 29640   5.0191  62.8562 0005499 316.5861 170.2580  1.00267294 41723
FENGYUN 3A              
1 32958U 08026A   18114.58781879  .00000004  00000-0  20941-4 0  9995
2 32958  98.3846 132.2783 0010840  93.4808 266.7612 14.19700445513518
FENGYUN 2E              
1 33463U 08066A   18113.87448220 -.00000221  00000-0  00000+0 0  9993
2 33463   2.7753  68.7546 0004882 230.6424 313.6202  1.00279849 34244
NOAA 19                 
1 33591U 09005A   18114.43847565  .00000120  00000-0  90430-4 0  9995
2 33591  99.1378  91.4114 0014916 115.8413 244.4298 14.12272292474598
GOES 14                 
1 35491U 09033A   18113.70150657 -.00000116  00000-0  00000+0 0  9990
2 35491   0.1507 105.4806 0006262 134.3510 120.1025  1.00271610 32312
METEOR-M 1              
1 35865U 09049A   18114.43843572  .00000036  00000-0  34856-4 0  9999
2 35865  98.4084 126.9801 0001813 352.2911   7.8239 14.22146326446335
GOES 15                 
1 36411U 10008A   18113.78793105  .00000068  00000-0  00000+0 0  9991
2 36411   0.1251 104.8288 0000460  74.5109 180.6564  1.00267869 29845
COMS 1                  
1 36744U 10032A   18114.53726522 -.00000368  00000-0  00000+0 0  9994
2 36744   0.0130  83.4388 0001064 314.9214 135.7785  1.00268257 28815
FENGYUN 3B              
1 37214U 10059A   18114.54245873 -.00000011  00000-0  17519-4 0  9995
2 37214  98.9428  78.7300 0016945 338.2723  21.7726 14.15881461386604
SUOMI NPP               
1 37849U 11061A   18113.92448881  .00000004  00000-0  22892-4 0  9999
2 37849  98.7340  53.1368 0001153  54.4490  18.0229 14.19545912336179
FENGYUN 2F              
1 38049U 12002A   18114.59224608 -.00000379  00000-0  00000+0 0  9999
2 38049   2.3525  78.2259 0003460 194.8224 264.5740  1.00283313 23058
METEOSAT-10 (MSG-3)     
1 38552U 12035B   18113.38627653  .00000043  00000-0  00000+0 0  9994
2 38552   0.9271  30.4853 0000360   1.4260 328.0872  1.00280444 21375
METOP-B                 
1 38771U 12049A   18113.96705069 -.00000011  00000-0  15004-4 0  9995
2 38771  98.6773 174.3208 0002305  89.2206  38.9285 14.21500785290436
FENGYUN 3C              
1 39260U 13052A   18114.35819091 -.00000005  00000-0  19153-4 0  9991
2 39260  98.6571 181.2344 0010368 314.2097  45.8225 14.15843296237523
METEOR-M 2              
1 40069U 14037A   18113.61928386 -.00000043  00000-0  43261-7 0  9992
2 40069  98.6086 166.1574 0006602  45.5455 314.6262 14.20651010196639
HIMAWARI-8              
1 40267U 14060A   18113.02313994 -.00000297  00000-0  00000+0 0  9993
2 40267   0.0297  65.9506 0001020 342.4963 311.5595  1.00270779 13011
FENGYUN 2G              
1 40367U 14090A   18113.93283010 -.00000323  00000-0  00000-0 0  9993
2 40367   0.3178 128.7556 0002614 197.4158 320.8974  1.00274984 12194
METEOSAT-11 (MSG-4)     
1 40732U 15034A   18114.01684053 -.00000025  00000-0  00000+0 0  9998
2 40732   1.3617 217.6047 0001306 151.9076 208.3401  1.00274773 10204
ELEKTRO-L 2             
1 41105U 15074A   18114.59927715 -.00000121  00000-0  00000+0 0  9992
2 41105   0.0536  67.7019 0001031 342.3645  94.3055  1.00271482  8682
HIMAWARI-9              
1 41836U 16064A   18113.02284097 -.00000296  00000-0  00000+0 0  9992
2 41836   0.0066  47.5616 0001135 302.5739   9.8623  1.00271520  5454
GOES 16                 
1 41866U 16071A   18113.62107755 -.00000271  00000-0  00000+0 0  9997
2 41866   0.0033 237.6523 0001060 167.1035 315.2528  1.00269302  5263
FENGYUN 4A              
1 41882U 16077A   18114.59702138 -.00000354  00000-0  00000+0 0  9996
2 41882   0.1788 281.0644 0009780 223.8590  27.2707  1.00268747  5147
CYGFM05                 
1 41884U 16078A   18114.56099959  .00000425  00000-0  24573-4 0  9990
2 41884  34.9566 253.4453 0016868 241.8969 118.0037 15.13948890 75059
CYGFM04                 
1 41885U 16078B   18113.68123959  .00000474  00000-0  26748-4 0  9991
2 41885  34.9498 256.4233 0015000 236.8853 123.0419 15.14598754 74944
CYGFM02                 
1 41886U 16078C   18113.80222190  .00002174  00000-0  11688-3 0  9998
2 41886  34.9589 256.8073 0015763 236.9437 122.9761 15.14475648 74952
CYGFM01                 
1 41887U 16078D   18114.44147358  .00000453  00000-0  26117-4 0  9994
2 41887  34.9532 254.2439 0017288 242.0335 117.8626 15.13904061 75036
CYGFM08                 
1 41888U 16078E   18113.78641357  .00002336  00000-0  12612-3 0  9995
2 41888  34.9503 257.3117 0016421 238.1500 121.7613 15.14271205 74936
CYGFM06                 
1 41889U 16078F   18113.71378602  .00000480  00000-0  27121-4 0  9999
2 41889  34.9583 256.0562 0014731 235.5624 124.3695 15.14582555 74948
CYGFM07                 
1 41890U 16078G   18114.55016619  .00000439  00000-0  24934-4 0  9994
2 41890  34.9522 250.3364 0014523 244.1445 115.7768 15.14592544 75075
CYGFM03                 
1 41891U 16078H   18113.68794091  .00000472  00000-0  26655-4 0  9994
2 41891  34.9554 255.7347 0013920 236.4776 123.4605 15.14589702 74945
FENGYUN 3D              
1 43010U 17072A   18114.54556292 -.00000013  00000-0  14302-4 0  9997
2 43010  98.6719  56.4458 0001498 130.9780 229.1517 14.19694517 22820
NOAA 20                 
1 43013U 17073A   18114.50923028  .00000006  00000-0  23583-4 0  9994
2 43013  98.7221  53.6072 0001401  76.8589 283.2744 14.19556824 22294
