APRIZESAT 2             
1 28366U 04025A   15226.36894955  .00000027  00000-0  22979-4 0  9993
2 28366  98.3265 150.5653 0106647 263.2349  95.6693 14.36472126582995
SAUDICOMSAT 1           
1 28369U 04025D   15226.41030217  .00000114  00000-0  38780-4 0  9999
2 28369  98.0971 187.2104 0032548 300.6152  59.1836 14.52119878589141
SAUDICOMSAT 2           
1 28370U 04025E   15226.77600351  .00000132  00000-0  47384-4 0  9992
2 28370  98.2130 176.9568 0059046  42.6093 317.9658 14.47095451587217
APRIZESAT 1             
1 28372U 04025G   15225.80775869  .00000078  00000-0  31648-4 0  9999
2 28372  98.1610 180.5117 0046506 355.8412  32.0527 14.49323057588032
NANOSAT-1               
1 28493U 04049B   15226.14028251  .00000226  00000-0  43502-4 0  9990
2 28493  98.2968 274.0701 0004308   0.0873  21.1607 14.72947201571832
SAUDICOMSAT 7           
1 31119U 07012C   15226.40983077  .00000215  00000-0  51672-4 0  9992
2 31119  97.8579 208.2284 0061073  23.2696 337.1250 14.61288235443690
SAUDICOMSAT 6           
1 31121U 07012E   15226.43944712  .00000182  00000-0  47496-4 0  9993
2 31121  97.9174 198.6085 0078462  72.1719 288.8021 14.58102669442762
SAUDICOMSAT 5           
1 31124U 07012H   15226.42769800  .00000224  00000-0  51798-4 0  9995
2 31124  97.8269 214.1751 0052004 358.8247   1.2825 14.62954094444175
SAUDICOMSAT 3           
1 31125U 07012J   15225.76482119  .00000232  00000-0  51754-4 0  9998
2 31125  97.7986 219.6708 0043108 337.3478  22.5823 14.64637157444563
SAUDICOMSAT 4           
1 31127U 07012L   15226.88791355  .00000189  00000-0  47603-4 0  9998
2 31127  97.8862 204.0932 0069552  44.9789 315.7017 14.59804912443316
APRIZESAT 4             
1 35684U 09041D   15226.37750197  .00000237  00000-0  39132-4 0  9999
2 35684  98.0710 153.2179 0049014 104.8353   9.0586 14.78629960325698
APRIZESAT 3             
1 35686U 09041F   15226.11743459  .00000499  00000-0  60497-4 0  9994
2 35686  98.2023 189.1508 0075042  42.0731 318.6212 14.86473283327170
AISSAT 1                
1 36797U 10035C   15226.83478548  .00000520  00000-0  67337-4 0  9991
2 36797  98.0135 324.5877 0012156  36.5164 323.6877 14.85071747275482
